# #Freq[Hz], #Gain_mean[a.u.], #Gain_std[a.u.], #Phase_mean[rad], #Phase_std[rad]
1.000000000000000000e+01,6.903909882628889250e+01,4.408878777046599140e+00,2.421657898123385166e+00,3.931527495345012169e-02
1.009271514630571254e+01,7.326871061923034745e+01,2.656054796688643860e-01,2.388488083942218232e+00,2.666349312677381098e-03
1.018628990244687493e+01,7.286379629299690919e+01,2.116415814901367320e-01,2.384877951387063710e+00,3.096707293828581016e-03
1.028073223830865324e+01,7.257895356383841090e+01,3.557006582812521356e-01,2.379945196792038420e+00,3.515992565740655180e-03
1.037605019766911774e+01,7.227387982001030764e+01,3.053020189659434447e-01,2.376399639915486084e+00,1.446701754667221833e-03
1.047225189888434826e+01,7.203672922101658571e+01,9.813604238420266246e-02,2.373646894508254057e+00,3.325732855111375886e-03
1.056934553557988288e+01,7.172073066894191129e+01,1.071675525151105091e-01,2.366893238143517486e+00,1.907761642392770060e-03
1.066733937734857562e+01,7.125456772983788767e+01,1.907367903273649301e-01,2.360761740170994383e+00,2.062913433645042604e-03
1.076624177045493269e+01,7.079152337040558507e+01,1.563597535757261237e-01,2.358441701682468583e+00,1.546532702525862338e-03
1.086606113854597488e+01,7.062413833323901713e+01,2.558011767628933231e-01,2.351232395168666667e+00,3.227694737828865849e-03
1.096680598336868506e+01,7.027951947580861258e+01,1.462287873375242298e-01,2.349307018277495107e+00,2.876212203975278027e-03
1.106848488549412579e+01,6.993059222375735828e+01,2.469586149186607515e-01,2.344014949391056923e+00,2.969026709312079602e-03
1.117110650504824143e+01,6.960422388100565172e+01,2.629115389233066535e-01,2.340149693097011152e+00,2.487216702006697557e-03
1.127467958244946722e+01,6.934347301261669827e+01,2.304776538645361972e-01,2.334008596854222795e+00,1.858658366330972729e-03
1.137921293915315069e+01,6.891601154887237612e+01,2.071912532167750898e-01,2.329411163590938028e+00,3.306690936768926468e-03
1.148471547840289553e+01,6.859037283620213543e+01,2.764614084023643836e-01,2.325641333213627426e+00,2.447451135290039381e-03
1.159119618598885637e+01,6.829336285772112092e+01,1.684610848988676024e-01,2.319194924414698988e+00,2.135864733317685126e-03
1.169866413101307501e+01,6.792648848338441780e+01,1.552190295822865607e-01,2.315208277607761822e+00,3.028373724540327477e-03
1.180712846666190252e+01,6.754937407170551467e+01,1.955176924976274322e-01,2.311273321513600987e+00,2.277563995895573717e-03
1.191659843098559435e+01,6.725867985874192811e+01,2.263716380182251298e-01,2.305168141799181392e+00,3.248087622070219317e-03
1.202708334768512088e+01,6.701468970259119828e+01,2.282840259400130967e-01,2.304215148528521162e+00,3.490798290284152436e-03
1.213859262690628249e+01,6.654315944029694663e+01,2.339633108349049029e-01,2.296874063685391487e+00,2.560057760693360863e-03
1.225113576604118926e+01,6.624946347140344471e+01,1.181372214864482156e-01,2.293652821231728645e+00,2.352308295162581012e-03
1.236472235053715707e+01,6.589189778610631265e+01,1.421152293856065285e-01,2.289569134063946798e+00,2.468623691176497631e-03
1.247936205471311411e+01,6.544619798155828505e+01,1.764012504107888013e-01,2.282840901940755174e+00,3.099057988108874784e-03
1.259506464258357639e+01,6.510727287271120645e+01,2.442091196559705857e-01,2.280039875655196280e+00,1.674724817473214602e-03
1.271183996869028832e+01,6.488629234250413447e+01,1.838916608179748391e-01,2.274645239911951222e+00,2.956878234197414090e-03
1.282969797894147490e+01,6.455434184308907675e+01,1.762913043945873171e-01,2.271219057887556403e+00,3.243756843817445154e-03
1.294864871145904317e+01,6.414540966670881517e+01,1.775147244147224357e-01,2.265720959360714826e+00,2.396611426999176349e-03
1.306870229743346279e+01,6.371503353439859296e+01,2.499354009320491066e-01,2.262312744546454812e+00,2.840007836073671094e-03
1.318986896198669889e+01,6.354144947469283977e+01,1.374843415681191727e-01,2.257352288000660234e+00,2.598649451690388835e-03
1.331215902504307635e+01,6.309242515878617041e+01,2.492300651622803287e-01,2.251107306413170583e+00,3.764297159933519769e-03
1.343558290220825668e+01,6.277298283976872284e+01,1.243488014521841462e-01,2.248458147348151748e+00,3.459528192861943338e-03
1.356015110565633286e+01,6.252363460245338445e+01,1.221051394216264019e-01,2.244883147413184510e+00,3.010342924630354539e-03
1.368587424502518424e+01,6.207980520310523076e+01,2.358934078234043163e-01,2.237386868933032957e+00,2.643589488292076486e-03
1.381276302832009506e+01,6.172253069018514537e+01,1.528440920225968558e-01,2.234671400175899603e+00,3.666505268677114869e-03
1.394082826282577869e+01,6.123101142495544025e+01,1.032767878632492586e-01,2.228659464133003532e+00,3.146140720274548733e-03
1.407008085602685021e+01,6.098916828102710497e+01,1.933388687104732329e-01,2.223811202272019116e+00,2.069825367210398337e-03
1.420053181653682373e+01,6.065821681573830659e+01,1.426308647389131212e-01,2.221831746679033159e+00,2.703340111515839354e-03
1.433219225503573924e+01,6.027692410475682294e+01,1.911986100256222176e-01,2.215869776961777227e+00,1.346571537629123478e-03
1.446507338521646346e+01,5.981929296195364998e+01,2.611816110474615704e-01,2.213411845640484543e+00,2.425112658505859317e-03
1.459918652473978717e+01,5.950422413752943385e+01,1.565395729677734882e-01,2.208535121069292284e+00,3.607288824475811569e-03
1.473454309619835101e+01,5.918247382814091395e+01,1.850882897705116714e-01,2.205047876234541349e+00,1.556364489916161210e-03
1.487115462808953836e+01,5.877954060574204220e+01,2.024330939848082433e-01,2.201016876256391974e+00,2.679486730635682618e-03
1.500903275579735840e+01,5.851882171259514109e+01,1.880047422997724316e-01,2.195337657284597732e+00,2.335293199938306367e-03
1.514818922258345779e+01,5.803724673660069300e+01,1.371415693192054863e-01,2.191663246438243728e+00,2.431305366618049645e-03
1.528863588058730194e+01,5.774049279051348549e+01,1.215878952229130644e-01,2.186439510267274677e+00,1.938732522747636930e-03
1.543038469183564487e+01,5.749551571682127360e+01,1.773090771017392375e-01,2.180830556046943869e+00,3.259313435610319311e-03
1.557344772926134269e+01,5.710498344973641593e+01,1.360882423148510600e-01,2.179120356833834649e+00,4.241925217483093723e-03
1.571783717773162792e+01,5.672422658016485997e+01,1.923845755547237690e-01,2.172399133431714979e+00,2.796801784895879862e-03
1.586356533508590516e+01,5.634874533159820942e+01,2.054594739207177556e-01,2.166513896714647558e+00,4.757229782094301619e-03
1.601064461318317811e+01,5.594635324287846601e+01,2.062330192657225725e-01,2.164374077093356608e+00,3.199251768401058672e-03
1.615908753895918437e+01,5.562298698080819292e+01,1.838226428167610005e-01,2.159065351498912655e+00,3.058831408494690901e-03
1.630890675549332514e+01,5.528863919969968777e+01,1.463845011626959680e-01,2.157699337852655219e+00,3.253640423614602081e-03
1.646011502308550689e+01,5.487496269721771114e+01,1.469091408796374121e-01,2.151948317441275016e+00,2.500119037421315044e-03
1.661272522034293075e+01,5.462249698849244339e+01,1.950178264790170535e-01,2.147891204702471413e+00,2.174522677017981954e-03
1.676675034527699992e+01,5.422801134093915465e+01,1.281539865411525370e-01,2.144416491503671640e+00,1.873554348253739362e-03
1.692220351641037368e+01,5.382335086195566731e+01,1.247731344617993982e-01,2.138737409141184376e+00,3.589373903229555254e-03
1.707909797389427808e+01,5.347275551311256692e+01,1.440592808103744737e-01,2.134424884716489501e+00,3.584213432316852611e-03
1.723744708063619768e+01,5.314281169025555585e+01,1.556217638280884552e-01,2.130211640179242583e+00,3.593985568165269668e-03
1.739726432343801577e+01,5.282648280988665590e+01,2.216774586156035620e-01,2.124403513960165135e+00,1.482973625623213235e-03
1.755856331414468841e+01,5.243194536852369225e+01,1.235280823649190785e-01,2.123175152914694053e+00,3.314932459930807450e-03
1.772135779080359441e+01,5.208763161570018241e+01,2.282775487084341692e-01,2.119459797889466923e+00,2.790912500640532062e-03
1.788566161883461803e+01,5.175841835787732492e+01,1.887148515471998578e-01,2.115636010279216883e+00,2.610865207740440275e-03
1.805148879221109226e+01,5.134607579450512560e+01,1.315487125251183775e-01,2.109030932504168732e+00,2.114740212557493677e-03
1.821885343465167040e+01,5.111505572052718804e+01,1.776448720854549024e-01,2.105901995046436603e+00,2.584160711719069373e-03
1.838776980082327839e+01,5.069247890359430642e+01,1.649849352425541982e-01,2.101897851659839667e+00,3.299379916693148760e-03
1.855825227755518725e+01,5.036250194438754590e+01,1.042054867924698536e-01,2.098202945334345149e+00,2.376411576372017970e-03
1.873031538506437599e+01,5.001696266655761747e+01,1.655368809625213933e-01,2.095200949796669043e+00,3.953686260971095087e-03
1.890397377819221347e+01,4.978899699461715045e+01,1.524102039701671074e-01,2.089637919365562091e+00,3.193266963952739405e-03
1.907924224765266175e+01,4.952897732800855124e+01,1.163974864636748707e-01,2.084770241956245940e+00,2.295271581382593747e-03
1.925613572129198658e+01,4.907694581657390387e+01,1.184042711679742926e-01,2.080649493532863659e+00,2.553604791123576054e-03
1.943466926536020267e+01,4.866083795205386053e+01,1.053262816839703464e-01,2.078405370588085610e+00,3.349937553640037775e-03
1.961485808579431378e+01,4.833931034416860228e+01,7.572098664304492688e-02,2.073126833029899529e+00,3.077714043092386921e-03
1.979671752951332664e+01,4.795165808028583143e+01,1.500882215439965361e-01,2.068402745105037077e+00,1.756522050714944341e-03
1.998026308572550747e+01,4.761490007128944768e+01,1.639263346300857682e-01,2.063865891001783304e+00,3.880556882406012691e-03
2.016551038724746547e+01,4.739728108742954760e+01,1.396900632651381646e-01,2.061727831073401074e+00,1.775720997372616733e-03
2.035247521183577746e+01,4.705076389637159906e+01,9.431298585190073247e-02,2.057923169130207786e+00,2.363330999635541302e-03
2.054117348353064187e+01,4.674467981175289566e+01,8.838523476912187038e-02,2.055249708488906979e+00,2.768147503076789744e-03
2.073162127401231203e+01,4.637750236652977520e+01,8.589700640086277150e-02,2.051756524111411295e+00,3.825992144075163973e-03
2.092383480396976836e+01,4.599301424700539798e+01,1.320670047566601946e-01,2.047311567892120987e+00,2.642876462845776195e-03
2.111783044448244340e+01,4.570525336345041723e+01,1.040049674124911283e-01,2.041563155405557772e+00,3.283545291790164206e-03
2.131362471841437767e+01,4.534492190449551430e+01,1.425297184707188802e-01,2.038761938075821512e+00,2.073079580917923815e-03
2.151123430182167340e+01,4.502851541162313254e+01,1.497341265168086744e-01,2.035267391410378046e+00,3.316792565221695233e-03
2.171067602537264918e+01,4.473997797888864625e+01,1.263598708672792892e-01,2.032772087159729235e+00,2.457384821766439142e-03
2.191196687578148428e+01,4.433413853628444201e+01,1.249339994126175968e-01,2.028956065146329646e+00,2.385599783090651752e-03
2.211512399725488720e+01,4.402845508795651597e+01,1.212763636940971113e-01,2.023534126440806435e+00,1.998314713432306020e-03
2.232016469295233563e+01,4.369223868526408694e+01,9.033226803758587220e-02,2.019392756389835064e+00,3.319877158753026074e-03
2.252710642645980244e+01,4.333576300614243593e+01,9.920030338372867740e-02,2.015882026021407647e+00,3.686016658806435912e-03
2.273596682327716323e+01,4.298720061168204154e+01,1.140508340420436501e-01,2.014204581244064318e+00,2.350443030776559056e-03
2.294676367231935998e+01,4.269956063741052787e+01,2.020709870727906143e-01,2.009709208224168098e+00,3.027244323498123803e-03
2.315951492743153395e+01,4.245561296398118145e+01,1.083557731334456875e-01,2.005881275692151355e+00,3.574793045557719210e-03
2.337423870891814914e+01,4.204202685398810502e+01,1.044268107883675606e-01,2.003761001648207252e+00,3.510049322499691777e-03
2.359095330508635158e+01,4.176658280722620731e+01,1.415294337552991111e-01,1.998739829684664127e+00,1.994187424977627437e-03
2.380967717380358195e+01,4.134835491450365197e+01,1.326631230479991819e-01,1.994895634207730861e+00,2.640410338130543249e-03
2.403042894406968344e+01,4.097195075441483425e+01,1.101606715658979690e-01,1.991923360342758853e+00,2.331046338533913388e-03
2.425322741760352940e+01,4.073427643788947705e+01,1.533415539097587321e-01,1.989730316610875516e+00,2.938060874694313224e-03
2.447809157044441619e+01,4.044569407895018287e+01,2.203043368764215360e-01,1.984920874713615335e+00,2.605541295813176752e-03
2.470504055456825299e+01,4.014644790682242359e+01,1.547542318552062313e-01,1.980779698661996546e+00,2.594598988675817907e-03
2.493409369951879029e+01,3.986720708033043081e+01,8.269650062926142686e-02,1.979498796595429821e+00,2.654278119413209722e-03
2.516527051405391546e+01,3.950939111854758323e+01,8.907112358621156745e-02,1.975614322411777923e+00,2.586214223812971936e-03
2.539859068780725337e+01,3.921627640564635442e+01,1.169086374309659809e-01,1.971187860227422650e+00,2.378801578543652921e-03
2.563407409296515027e+01,3.894718942543008211e+01,7.011123695916478271e-02,1.969370032787146840e+00,3.228707723694467131e-03
2.587174078595922566e+01,3.864939383707461218e+01,7.447172057830057923e-02,1.966544134786313736e+00,2.790789577500800336e-03
2.611161100917459521e+01,3.828692805269200505e+01,9.710487846979212745e-02,1.962296958351005260e+00,2.927831861639244426e-03
2.635370519267394585e+01,3.794375815744542990e+01,8.709453148392319599e-02,1.958406177603969622e+00,2.822500000424851916e-03
2.659804395593758386e+01,3.774215657836563764e+01,8.201601210759977556e-02,1.956884424712771020e+00,3.552673916169704019e-03
2.684464810961963721e+01,3.741445984594673746e+01,9.935290956311443322e-02,1.952370549564491187e+00,2.677828720221164544e-03
2.709353865732051503e+01,3.718883807784822437e+01,9.890208397249694583e-02,1.948764623175690103e+00,2.506553425070946663e-03
2.734473679737581264e+01,3.683398710067514514e+01,1.311349688079937181e-01,1.946168557336041882e+00,3.017481549369161083e-03
2.759826392466180423e+01,3.649767762457919673e+01,8.634221793640023401e-02,1.942419299476720429e+00,1.922947556751202804e-03
2.785414163241767582e+01,3.620732409770074156e+01,1.383425906879362510e-01,1.940018567949615358e+00,3.358714791618450102e-03
2.811239171408464088e+01,3.594054863599729543e+01,6.923313270806981390e-02,1.936785733487713657e+00,1.946700185294229606e-03
2.837303616516213012e+01,3.567379477744303529e+01,8.436297095825415204e-02,1.932925730676394505e+00,2.713518011331867135e-03
2.863609718508115876e+01,3.539069510644021932e+01,9.972218923370627930e-02,1.930110067907027105e+00,2.960406652062937127e-03
2.890159717909510206e+01,3.506248605254107531e+01,1.094026759307999974e-01,1.927408381957719241e+00,2.228482563203804286e-03
2.916955876018796090e+01,3.483581364822243387e+01,1.117051014619946797e-01,1.926251047940066741e+00,3.011248246836972960e-03
2.944000475100035175e+01,3.448467595217201165e+01,9.036997873753806199e-02,1.921361292124885711e+00,2.871200889781674089e-03
2.971295818577334202e+01,3.417093934523386167e+01,1.043807975273300936e-01,1.917513490681122423e+00,2.422167428680943851e-03
2.998844231231029411e+01,3.401077313932908197e+01,7.823944527234649726e-02,1.916879563872960546e+00,2.075535601778589947e-03
3.026648059395692059e+01,3.367837186336961253e+01,1.131452917689354243e-01,1.912702209592871627e+00,3.896905982727536487e-03
3.054709671159969631e+01,3.341060527668631153e+01,1.163432267566601452e-01,1.910404635943366625e+00,3.827735339294639338e-03
3.083031456568276951e+01,3.307068002880178881e+01,8.297844774251120215e-02,1.907153400918463859e+00,2.987609091826427116e-03
3.111615827824359926e+01,3.280765378961712742e+01,1.032718720157478620e-01,1.903926281700873968e+00,3.557643093296328218e-03
3.140465219496752169e+01,3.255867872991497336e+01,7.690695032365431338e-02,1.902660167808061686e+00,3.070910298156921507e-03
3.169582088726115288e+01,3.231354540928239771e+01,1.219890752466906564e-01,1.897431134629693927e+00,5.460485277486434169e-03
3.198968915434537763e+01,3.211462994466187126e+01,8.863494849592599978e-02,1.893724043871848339e+00,3.053059486347452223e-03
3.228628202536730640e+01,3.179288565913839903e+01,1.523548965437075686e-01,1.892812130967151729e+00,4.123415671186742536e-03
3.258562476153226584e+01,3.152055841873024633e+01,5.496577075550108937e-02,1.889484963825031283e+00,2.480241549600709777e-03
3.288774285825510191e+01,3.128478161261823587e+01,1.008185945449032866e-01,1.889151608289343587e+00,2.645721723939020026e-03
3.319266204733190051e+01,3.098704009397085457e+01,8.097284332920424987e-02,1.885646889043159247e+00,3.057077712885093463e-03
3.350040829913132967e+01,3.072930890216867894e+01,9.372818912720418116e-02,1.883011695904705407e+00,3.772376749336187312e-03
3.381100782480685041e+01,3.047178645254744467e+01,9.258032900468396442e-02,1.879430258427550626e+00,1.941804841339985410e-03
3.412448707852889385e+01,3.017791753489870388e+01,1.221188771755480490e-01,1.876510627109698293e+00,3.012947037065314554e-03
3.444087275973823381e+01,2.992893426334877205e+01,1.064516010298882515e-01,1.872084306661240927e+00,2.023241142071019287e-03
3.476019181541977332e+01,2.977436871309500788e+01,7.002195295537015640e-02,1.870270188823672353e+00,3.871606000224522750e-03
3.508247144239792448e+01,2.947871109039204640e+01,1.091840237329137764e-01,1.867286061554213727e+00,2.397803398986315341e-03
3.540773908965270067e+01,2.921754641212576686e+01,8.734453871378106138e-02,1.866436054511737552e+00,3.867280313984848387e-03
3.573602246065788535e+01,2.890774032913211045e+01,7.833613419034177183e-02,1.861680325062504027e+00,3.285681642987421918e-03
3.606734951574028258e+01,2.870806832763345895e+01,8.489656951720646327e-02,1.858974303139380835e+00,2.254970879166045758e-03
3.640174847446141371e+01,2.846824021805664273e+01,7.950040126019389253e-02,1.858591325136720984e+00,2.843183452123613283e-03
3.673924781802074335e+01,2.824863062100523692e+01,8.636251393041693980e-02,1.855845063584738552e+00,1.967018862805867616e-03
3.707987629168170685e+01,2.799823259250164398e+01,4.485715426719034254e-02,1.851818634219921433e+00,3.776144704315764506e-03
3.742366290721980704e+01,2.780202354399690279e+01,1.197203052516821603e-01,1.851846768087626716e+00,3.585536960917754500e-03
3.777063694539366168e+01,2.755712504984517253e+01,7.401696083080602784e-02,1.849346773713767877e+00,1.778467567190741144e-03
3.812082795843888050e+01,2.727714343708507982e+01,9.933529039131004656e-02,1.845455896058555867e+00,3.214984326823819901e-03
3.847426577258503499e+01,2.711128843432681634e+01,1.000714596074331331e-01,1.842521303790632725e+00,1.680815959716917482e-03
3.883098049059604762e+01,2.683753086724772174e+01,4.298856615101585149e-02,1.840639217855188914e+00,1.612826686304605957e-03
3.919100249433404315e+01,2.660796045523701281e+01,9.454830462065944019e-02,1.838343397669933266e+00,2.571584075923383055e-03
3.955436244734701745e+01,2.636739979449584581e+01,7.050935518789158696e-02,1.837385023203059076e+00,3.288349353785474747e-03
3.992109129748051544e+01,2.615687911807988186e+01,5.093778931381510999e-02,1.833009272970274939e+00,3.453873872730189865e-03
4.029122027951348173e+01,2.595883629315736840e+01,6.748416288382899642e-02,1.833162796019895069e+00,3.182268033706944603e-03
4.066478091781856108e+01,2.574016710866691682e+01,8.108897144922608269e-02,1.828622158209858295e+00,2.931450940362648368e-03
4.104180502904709016e+01,2.555694787477351682e+01,7.763389561112331305e-02,1.825732958083008839e+00,1.573679328191080135e-03
4.142232472483895833e+01,2.530621802034275802e+01,7.022348533249013480e-02,1.825283841628323911e+00,3.619258950827995095e-03
4.180637241455757902e+01,2.513490753638379971e+01,6.760470624406832163e-02,1.822008835716505404e+00,1.996634001287968599e-03
4.219398080805026297e+01,2.486514196135018651e+01,1.102504193339830102e-01,1.819350657364313451e+00,3.398948355787588353e-03
4.258518291843414261e+01,2.468697826495217740e+01,9.382926621004686329e-02,1.817977158986141095e+00,2.900206309641234319e-03
4.298001206490796022e+01,2.447851925762413572e+01,6.586575494494703586e-02,1.817146369340106649e+00,2.524324403468134435e-03
4.337850187558989035e+01,2.421902386712558197e+01,8.880027738052892472e-02,1.814774891977369409e+00,2.505487991279888287e-03
4.378068629038168780e+01,2.404065728257928569e+01,6.550031274218429123e-02,1.812991833712985779e+00,2.054253802715571772e-03
4.418659956385941712e+01,2.381793213788268559e+01,4.602073855557220483e-02,1.810828013548236637e+00,2.588785039610002475e-03
4.459627626819093393e+01,2.369408537768142153e+01,9.136388969431445684e-02,1.807207633935906443e+00,2.032888141566018079e-03
4.500975129608046643e+01,2.339898803744727473e+01,4.936775186274716676e-02,1.805713973792246296e+00,1.372437749001001852e-03
4.542705986374045324e+01,2.320625744674048718e+01,8.726023657575923687e-02,1.801875307711151120e+00,3.766869276208746793e-03
4.584823751389095747e+01,2.297166449436523550e+01,9.147500901927405059e-02,1.800006243175097609e+00,3.675753584372498661e-03
4.627332011878691276e+01,2.285512535784955190e+01,5.586229528276957096e-02,1.799984643060727141e+00,3.305184638501070665e-03
4.670234388327335040e+01,2.259416742630979513e+01,4.583203078327239416e-02,1.797668772495506051e+00,2.084196686203632510e-03
4.713534534786906960e+01,2.240931460955401278e+01,5.573492208128115466e-02,1.796174195802827667e+00,3.184227276727237890e-03
4.757236139187889279e+01,2.226453383070240477e+01,7.923968133081511767e-02,1.793282957781087150e+00,4.534640401009227065e-03
4.801342923653449901e+01,2.204028682899672376e+01,5.771422889456098715e-02,1.791566356922811520e+00,3.212467558153075942e-03
4.845858644816495797e+01,2.188550945464166730e+01,3.649596450516726098e-02,1.787467172324856746e+00,3.401345106347249212e-03
4.890787094139589897e+01,2.168641391162588405e+01,7.566489004813280184e-02,1.786654043340192732e+00,3.388700535730523877e-03
4.936132098237916921e+01,2.149418237605318183e+01,6.413659409255882682e-02,1.782694145088374871e+00,3.463513291949663758e-03
4.981897519205160307e+01,2.135366387742508465e+01,4.283539540189681971e-02,1.781278382094974022e+00,2.975964025626753537e-03
5.028087254942479944e+01,2.113817641603884212e+01,8.906969143693201085e-02,1.781008919687879555e+00,2.306905952090205440e-03
5.074705239490465658e+01,2.098137503830718487e+01,9.083607290588645300e-02,1.779735918783357018e+00,2.501455327556472916e-03
5.121755443364241245e+01,2.075247378724359493e+01,5.916314231096620607e-02,1.776986247757382342e+00,3.502255269527428713e-03
5.169241873891598260e+01,2.059266522965773305e+01,4.710438382929689471e-02,1.773602344019365118e+00,2.803376309554410101e-03
5.217168575554349275e+01,2.036041564143113192e+01,3.376184549837527721e-02,1.773986304099572919e+00,3.295498061247387808e-03
5.265539630332755650e+01,2.021983071558548772e+01,8.885668944482641440e-02,1.769773802751725800e+00,2.984685534278089161e-03
5.314359158053241572e+01,2.005726693734963462e+01,5.768225780253725954e-02,1.771958716090442421e+00,4.669598800118769481e-03
5.363631316739240162e+01,1.988077057730783181e+01,5.286785250713294665e-02,1.768330179393799328e+00,2.641577219684769495e-03
5.413360302965381265e+01,1.969421077862093838e+01,5.209305968552273985e-02,1.764818449541020851e+00,2.803471209018829242e-03
5.463550352214875971e+01,1.950711710554308098e+01,5.869824254326268254e-02,1.765220653637895598e+00,4.365931586229840691e-03
5.514205739240301796e+01,1.933237039428190229e+01,5.955980486022641185e-02,1.760843131550944962e+00,2.677516007884095297e-03
5.565330778427645697e+01,1.916771139545760150e+01,5.229274578223502834e-02,1.759096290290339981e+00,2.753823859090259729e-03
5.616929824163809570e+01,1.894445320897480656e+01,8.489114923038311444e-02,1.758456141597408262e+00,1.974553627362253712e-03
5.669007271207433973e+01,1.884402299191287966e+01,5.403243692517071400e-02,1.756890316660311813e+00,2.507204792717762816e-03
5.721567555063251831e+01,1.862136997551342787e+01,5.327831333083456189e-02,1.755440503262754248e+00,3.580333887312036559e-03
5.774615152359820058e+01,1.849635550979902021e+01,4.484818115703496921e-02,1.754072857022153986e+00,2.781388430624546961e-03
5.828154581230845821e+01,1.830721201874621329e+01,6.449775346178099333e-02,1.751255249118820911e+00,3.441996297476226929e-03
5.882190401699956084e+01,1.812629954971425761e+01,2.634517321709502202e-02,1.753325564953144733e+00,2.112523757644616581e-03
5.936727216069122903e+01,1.794001330394924665e+01,5.394004238660427691e-02,1.749286625329852907e+00,2.105501770621222724e-03
5.991769669310618696e+01,1.782657506702327765e+01,6.168774496743434366e-02,1.745916361590506227e+00,3.632308348483647645e-03
6.047322449462645721e+01,1.764722605699817493e+01,7.419727761150930745e-02,1.747526622783092565e+00,3.374424678838628972e-03
6.103390288028621313e+01,1.753064295790797900e+01,6.611200735353761626e-02,1.744448481081960267e+00,4.127389251838901700e-03
6.159977960380165740e+01,1.737229374801400894e+01,5.530633757108670279e-02,1.742958375542769334e+00,2.317768621553815793e-03
6.217090286163826818e+01,1.718700976351506426e+01,5.372115836443464021e-02,1.742734495961004271e+00,3.400223028836448814e-03
6.274732129711577500e+01,1.701435677868455087e+01,4.724291014429116142e-02,1.738454053762829021e+00,3.352905845282033812e-03
6.332908400455114872e+01,1.686940046364385637e+01,5.438078408838734751e-02,1.737528346585386130e+00,3.295974147541319999e-03
6.391624053344002476e+01,1.671057759117920938e+01,5.936537538259320512e-02,1.734264008003472579e+00,2.667803017660533467e-03
6.450884089267692900e+01,1.656035544759895117e+01,5.318453798109568781e-02,1.733979032196991010e+00,3.674480321403104151e-03
6.510693555481458361e+01,1.640897691957586346e+01,7.539487666167507540e-02,1.733635310140360319e+00,3.420440204764331211e-03
6.571057546036270480e+01,1.625376065235408873e+01,3.843927563087156524e-02,1.731004127472835830e+00,2.448656173854730535e-03
6.631981202212672599e+01,1.608633139830573100e+01,4.442935018382664081e-02,1.728767568303525737e+00,3.932433924858862173e-03
6.693469712958660978e+01,1.598470412683627195e+01,3.119678927514834069e-02,1.729511731598495361e+00,2.946153822443048961e-03
6.755528315331642375e+01,1.583744753184270238e+01,6.064862023814968084e-02,1.725082619821030505e+00,3.287159902302846590e-03
6.818162294944478674e+01,1.569071289870435670e+01,6.798948496177929790e-02,1.726233957673282804e+00,2.811997292647656216e-03
6.881376986415666863e+01,1.557051468224150526e+01,5.771495181570975019e-02,1.724531628015163465e+00,2.805376096585307077e-03
6.945177773823695588e+01,1.540070317177037040e+01,3.782471080928932750e-02,1.723446284535248507e+00,3.105159322511370605e-03
7.009570091165620909e+01,1.526554152256678165e+01,5.504835507987003440e-02,1.722357786479260522e+00,2.860292977390346998e-03
7.074559422819878307e+01,1.515633746210184540e+01,3.742295888979261381e-02,1.718478537898693759e+00,1.873594331693281692e-03
7.140151304013399169e+01,1.501277496176478543e+01,4.542549046659288131e-02,1.719392649393506556e+00,1.803754709875556419e-03
7.206351321293053047e+01,1.489852793875007464e+01,3.613832031013262946e-02,1.716813681966147698e+00,2.730969502074096899e-03
7.273165113001458337e+01,1.473764972710691623e+01,3.515276625138286787e-02,1.715260419407096837e+00,3.117118872064201553e-03
7.340598369757212538e+01,1.460831805812099127e+01,5.768213552736548011e-02,1.714001275941553049e+00,2.999002364404585678e-03
7.408656834939563396e+01,1.446450585184899751e+01,5.698345622895231721e-02,1.714103605207855097e+00,4.813852485110366348e-03
7.477346305177587737e+01,1.432093138407410926e+01,5.954592319551554880e-02,1.708462689115675115e+00,4.840213021205188107e-03
7.546672630843886509e+01,1.421772881049503745e+01,4.214696444676312159e-02,1.709683641738054094e+00,3.969114613818324443e-03
7.616641716552891239e+01,1.409849304079561705e+01,7.687794748365915642e-02,1.709031084632697928e+00,4.067684601975534754e-03
7.687259521663727924e+01,1.394273085391159483e+01,5.130214046574266273e-02,1.707947311921504507e+00,2.479540772934038517e-03
7.758532060787835860e+01,1.381348562764477705e+01,3.213252059835892266e-02,1.704084549324554221e+00,3.222869009584731180e-03
7.830465404301182275e+01,1.368701211054864508e+01,2.994316051187068464e-02,1.704318625318084202e+00,2.881615753698423248e-03
7.903065678861348431e+01,1.356455619004718827e+01,4.332669406030575238e-02,1.700781220808000427e+00,3.655586817429782448e-03
7.976339067929272630e+01,1.347581123530637726e+01,6.344422633338273054e-02,1.703930906430987990e+00,4.923897436940227919e-03
8.050291812295981231e+01,1.335179395872058805e+01,3.750307949714778294e-02,1.700344206526091639e+00,3.967428381179058210e-03
8.124930210614047610e+01,1.319747736279302863e+01,5.485426601613573733e-02,1.698988950224360028e+00,3.091873804371857940e-03
8.200260619934130091e+01,1.308567192498201948e+01,3.240079457184765616e-02,1.699193895077456329e+00,3.864727911712441313e-03
8.276289456246342979e+01,1.294412221079022984e+01,4.320829775987424654e-02,1.695239812241113864e+00,4.242583295916275282e-03
8.353023195026779035e+01,1.282939292410383736e+01,4.964071711035995815e-02,1.697205613163549121e+00,3.030968218057712282e-03
8.430468371788967374e+01,1.273215474665735769e+01,6.281699559208266115e-02,1.692660883464958133e+00,3.454360230701735996e-03
8.508631582640582280e+01,1.260715060880509242e+01,4.262499668023846111e-02,1.693995611697248993e+00,3.066958089811765500e-03
8.587519484845171291e+01,1.249513011602202184e+01,5.954416225347017311e-02,1.693726177873889682e+00,4.089541057391311678e-03
8.667138797389233673e+01,1.234980112506296912e+01,3.467106859011675341e-02,1.690028343520793896e+00,3.756538929924047726e-03
8.747496301554414799e+01,1.225081299822093328e+01,3.901239198565376043e-02,1.689035071949955169e+00,5.548521537938272755e-03
8.828598841495150396e+01,1.218188831145418760e+01,2.993810479756005977e-02,1.687263029732617436e+00,2.936026770799612506e-03
8.910453324821513377e+01,1.203555318661584295e+01,3.704500354982687149e-02,1.687539381342911593e+00,3.952643251383696453e-03
8.993066723187622813e+01,1.191261101620852081e+01,5.523559710722106969e-02,1.685563430423060449e+00,4.461146770324580201e-03
9.076446072885356386e+01,1.181920624551183252e+01,4.842892559459155422e-02,1.683975019617415469e+00,2.807826126665548955e-03
9.160598475443708821e+01,1.168258838597875737e+01,5.950956925911944639e-02,1.685176698097320180e+00,3.760260711329821513e-03
9.245531098233570333e+01,1.158361823668473001e+01,4.566162107671500880e-02,1.684170832603342660e+00,4.400711619769060584e-03
9.331251175078250526e+01,1.150426144861098088e+01,5.404428107438313117e-02,1.682907538794362612e+00,3.161788880657140973e-03
9.417766006869518947e+01,1.137321600507759278e+01,3.822734200364015511e-02,1.682969103793841459e+00,3.808846121239231608e-03
9.505082962189506190e+01,1.129768337175240234e+01,5.248142750691067032e-02,1.679899642960259953e+00,3.436811697323030167e-03
9.593209477938241037e+01,1.118957875620878539e+01,4.304477766502658870e-02,1.679570984396083988e+00,3.198551668096260604e-03
9.682153059967080821e+01,1.108949103828301652e+01,3.458185831274273453e-02,1.679096389697068759e+00,2.600532986999777498e-03
9.771921283717996687e+01,1.096719470133043828e+01,5.040459506777862642e-02,1.676530551513171208e+00,4.530525795860812673e-03
9.862521794868779068e+01,1.086949425145804859e+01,4.232302998706779368e-02,1.676080236220470976e+00,3.556022301155262015e-03
9.953962309984233059e+01,1.076934703931483917e+01,4.771583617793589277e-02,1.675893939824837586e+00,2.837993168507946338e-03
1.004625061717340344e+02,1.066130123086097115e+01,2.268176236259801873e-02,1.671848094068940416e+00,4.298892153465411724e-03
1.013939457675291749e+02,1.056539941361611135e+01,3.006679309552523494e-02,1.674282196954202773e+00,5.146085922024298820e-03
1.023340212191642280e+02,1.048501048062670549e+01,4.304682065643315736e-02,1.671642074603786998e+00,2.920394157354560139e-03
1.032828125941028503e+02,1.037020570744669712e+01,3.345117353439534813e-02,1.670098770651431419e+00,3.779431696353059613e-03
1.042404007021555827e+02,1.027132115341178675e+01,3.781903895363974283e-02,1.670468618668436322e+00,3.162517060167343869e-03
1.052068671023622812e+02,1.018374741374340431e+01,2.845192140705309070e-02,1.668997249972390851e+00,2.805081689031716299e-03
1.061822941099384678e+02,1.008912221230217199e+01,4.406310926050182458e-02,1.669151619474401826e+00,3.427445376418768869e-03
1.071667648032863269e+02,9.983213605148275605e+00,3.257380214209650710e-02,1.664688977016856253e+00,4.243330421938230033e-03
1.081603630310709434e+02,9.910580667470778593e+00,3.121383786356822856e-02,1.664500232588202788e+00,2.779816358745643926e-03
1.091631734193614705e+02,9.805559423424394794e+00,4.407230397255003373e-02,1.663571441359164682e+00,3.164324687394233157e-03
1.101752813788387328e+02,9.739628513979084801e+00,4.002221419629192756e-02,1.664406160499760201e+00,4.088589868385818227e-03
1.111967731120698915e+02,9.629761020598314403e+00,3.424796694545272080e-02,1.660041795356951511e+00,5.918098425129907081e-03
1.122277356208507086e+02,9.554603681075551691e+00,3.232488623117212717e-02,1.663873539119693046e+00,4.626050558163504606e-03
1.132682567136153722e+02,9.465867125321191011e+00,4.189456174699495578e-02,1.661939441074310908e+00,2.595960303679325197e-03
1.143184250129150286e+02,9.374529724520565210e+00,2.284720266492352644e-02,1.661016476887998916e+00,3.906204377188512121e-03
1.153783299629660775e+02,9.285334707819490774e+00,3.374926346711649983e-02,1.660146668860341679e+00,4.797204170581708706e-03
1.164480618372685541e+02,9.223254601252067530e+00,4.149073775880676024e-02,1.656065156077964007e+00,5.859961167552666522e-03
1.175277117462945142e+02,9.126266572225206986e+00,4.303436009387235500e-02,1.654548170901882997e+00,4.034100574100032803e-03
1.186173716452479141e+02,9.041941001576951464e+00,1.906471443354218129e-02,1.657338311119278984e+00,4.102747911240755066e-03
1.197171343418966813e+02,8.962435357755143883e+00,3.689607222615524235e-02,1.653994076325631557e+00,3.225430747634395849e-03
1.208270935044775882e+02,8.881073489583332758e+00,3.081422073000109063e-02,1.658202304103710389e+00,4.362062271779928307e-03
1.219473436696738275e+02,8.783749008863997787e+00,2.449195111228224739e-02,1.651796472215944167e+00,4.851623962196833714e-03
1.230779802506665845e+02,8.696263343163728621e+00,3.344484380717555744e-02,1.652710872651386165e+00,3.292552517081643367e-03
1.242190995452617415e+02,8.637859822413648914e+00,2.754824250598299218e-02,1.652378201382464606e+00,5.417642521927538805e-03
1.253707987440919709e+02,8.550364409694079626e+00,4.127148027857202583e-02,1.649726571200579528e+00,3.084326404733333301e-03
1.265331759388942885e+02,8.455697172246608773e+00,3.436789687154638562e-02,1.650059211690573679e+00,4.459865846402972372e-03
1.277063301308644725e+02,8.398718972801578531e+00,2.656907363310065384e-02,1.648260242694602695e+00,3.246643707840509308e-03
1.288903612390892874e+02,8.315623687251450846e+00,2.475309239198384553e-02,1.647527018044115721e+00,2.754717146883341704e-03
1.300853701090570667e+02,8.222078555604390715e+00,4.245879516236143042e-02,1.645169459863496497e+00,4.160035137421946513e-03
1.312914585212465397e+02,8.168698373725513662e+00,3.923096275869566996e-02,1.649071165449389254e+00,4.503087111784099573e-03
1.325087291997953969e+02,8.102345684938075721e+00,3.436488993445349638e-02,1.645299787804309855e+00,2.388806995496959868e-03
1.337372858212496283e+02,8.026185107745996916e+00,3.309380896722243642e-02,1.647254282990635144e+00,4.501423393516870188e-03
1.349772330233941773e+02,7.927783370553292741e+00,2.480595305467225842e-02,1.642876072620252703e+00,4.439587425996017155e-03
1.362286764141646813e+02,7.869296480292284457e+00,3.736195816567235845e-02,1.638729989597780490e+00,4.947218503944302709e-03
1.374917225806419196e+02,7.793293104634791746e+00,4.449943800782069081e-02,1.643642016722355326e+00,3.982126098722478871e-03
1.387664790981307021e+02,7.717550518087223921e+00,3.432892183164123340e-02,1.641469055260033061e+00,4.953840232984636077e-03
1.400530545393219768e+02,7.628139550473416186e+00,4.055045961350844247e-02,1.639550578036711004e+00,5.776315522884571327e-03
1.413515584835395771e+02,7.571955465962110665e+00,1.557018699426100140e-02,1.641070975820561939e+00,3.614502772670559385e-03
1.426621015260736840e+02,7.507115533083388748e+00,2.367535163322505298e-02,1.637822502184045792e+00,3.364351300215600010e-03
1.439847952876006616e+02,7.411492924075514743e+00,2.127837497171106498e-02,1.638525408220163015e+00,4.476809702245062444e-03
1.453197524236895504e+02,7.339823722930634453e+00,3.062613567802226558e-02,1.637726365171342069e+00,4.864966107229785029e-03
1.466670866343968669e+02,7.283552929811972554e+00,3.229618756924278883e-02,1.636653724533279952e+00,3.399020925858714775e-03
1.480269126739508465e+02,7.227771606857712250e+00,2.790036862512115801e-02,1.636237713134451210e+00,5.658275003955485181e-03
1.493993463605256125e+02,7.153578229393902532e+00,2.946521427732871901e-02,1.637672921640648926e+00,3.287791869910070171e-03
1.507845045861051005e+02,7.067642665822484460e+00,3.949064485570733668e-02,1.634491094824458868e+00,4.331909143538420839e-03
1.521825053264387009e+02,7.007241376442952863e+00,2.710058988907609878e-02,1.633475666517608005e+00,3.102281970451532204e-03
1.535934676510896963e+02,6.924991281811157862e+00,2.292004233855334666e-02,1.632186877078298348e+00,3.810506417129462444e-03
1.550175117335768959e+02,6.872368783294152017e+00,3.953655850601667243e-02,1.633165368887069091e+00,5.209880127523524793e-03
1.564547588616095766e+02,6.802579638775952731e+00,3.955823357488891939e-02,1.632036960711800377e+00,5.250262928961122767e-03
1.579053314474175806e+02,6.725626685607235977e+00,3.355227566893113217e-02,1.627497936061230943e+00,2.895841962244129989e-03
1.593693530381774508e+02,6.665879193671779390e+00,3.026317216408018484e-02,1.629044379721541702e+00,5.200357519311987579e-03
1.608469483265355109e+02,6.633023570227365440e+00,4.338835595887581553e-02,1.629830715371491934e+00,3.051670963436741227e-03
1.623382431612278083e+02,6.564611778334464631e+00,2.810561538407911966e-02,1.628351975640843774e+00,4.378365285091622566e-03
1.638433645577984805e+02,6.473416539434523997e+00,2.618360816161910756e-02,1.628213758937877120e+00,4.983559463653799634e-03
1.653624407094180526e+02,6.418700341858929903e+00,3.550018996060059356e-02,1.627011367056286684e+00,4.232862270895278861e-03
1.668956009978023189e+02,6.375422701198876219e+00,1.812841681389757917e-02,1.627203551395663084e+00,4.673669806533077391e-03
1.684429760042315252e+02,6.297798555931671594e+00,2.343877415936835434e-02,1.624790974092071849e+00,3.302638115404875428e-03
1.700046975206718116e+02,6.242337533296923091e+00,3.267183004985560468e-02,1.627297231705591374e+00,3.690503703339832915e-03
1.715808985610004811e+02,6.177081931535886028e+00,3.544073083721926976e-02,1.625628866676284145e+00,3.192992710423560223e-03
1.731717133723352902e+02,6.109467471651099935e+00,2.966091588778360655e-02,1.624817334797788559e+00,3.995891100565199076e-03
1.747772774464680765e+02,6.075874394101192344e+00,2.696092197956164588e-02,1.621533606789237414e+00,3.477236357380495291e-03
1.763977275314045130e+02,6.018426819715889664e+00,4.480527228942408208e-02,1.623287526578239603e+00,5.529156109271351864e-03
1.780332016430113811e+02,5.927558103520507160e+00,3.041781937664766663e-02,1.624567314685410269e+00,4.432754817163919552e-03
1.796838390767719318e+02,5.890251931790084328e+00,2.624631796814801132e-02,1.623790149731445309e+00,5.610710894697795541e-03
1.813497804196495338e+02,5.836985341539476124e+00,1.304487678069054211e-02,1.622141541910271156e+00,5.622207420150667455e-03
1.830311675620613130e+02,5.777901102951078727e+00,3.769393895332064787e-02,1.618709972290184096e+00,6.298763983054540307e-03
1.847281437099634047e+02,5.725837658921683726e+00,3.153779397271613133e-02,1.619761214779216418e+00,5.772271633802997758e-03
1.864408533970485280e+02,5.689261792054010947e+00,2.429947501676298777e-02,1.617884628435160455e+00,5.507416981810750109e-03
1.881694424970555701e+02,5.612728773330213805e+00,1.204155855835991641e-02,1.617302484627055836e+00,4.872279874588511181e-03
1.899140582361935401e+02,5.571520883387797163e+00,3.333877243483569786e-02,1.619476254165838514e+00,7.208282384768571055e-03
1.916748492056815110e+02,5.509279912404903001e+00,3.294219684981736923e-02,1.618931122345326656e+00,4.498995107427428489e-03
1.934519653744044376e+02,5.452805706910825556e+00,2.080826643103342657e-02,1.614644726115386231e+00,4.180381335099061721e-03
1.952455581016861004e+02,5.399929512025801515e+00,3.304517677587780200e-02,1.614867613750577746e+00,4.136265146072838801e-03
1.970557801501800270e+02,5.342167692342491669e+00,1.900107146789837068e-02,1.616324780123899574e+00,6.588410699293355266e-03
1.988827856988809799e+02,5.304164141420578460e+00,1.259290686660296740e-02,1.615921258307675856e+00,3.435187186630871917e-03
2.007267303562568372e+02,5.252029565841947800e+00,3.203867284968092699e-02,1.616488879019546854e+00,3.882785082674020550e-03
2.025877711735017215e+02,5.204730927395027962e+00,3.631253302913797776e-02,1.615927170528432599e+00,4.826556427875871962e-03
2.044660666579117674e+02,5.149499460051396582e+00,2.117933557926973687e-02,1.611174653565764725e+00,4.102434694419586358e-03
2.063617767863858603e+02,5.096026326877339585e+00,2.461016400810710908e-02,1.610179944832227816e+00,5.155943242204576345e-03
2.082750630190514300e+02,5.047464251523953394e+00,2.556649949062329494e-02,1.612976129710274709e+00,5.149228536944496296e-03
2.102060883130158402e+02,5.022784994871234865e+00,2.408656866763736470e-02,1.607554761414490274e+00,4.095584839858936940e-03
2.121550171362452488e+02,4.954565641559319111e+00,2.505488712928509443e-02,1.613527953273468540e+00,2.839660138654033061e-03
2.141220154815729302e+02,4.909499512693850320e+00,1.949385933362215301e-02,1.608908177392554206e+00,5.474139179725178578e-03
2.161072508808376540e+02,4.862920662879782974e+00,1.640722859439879694e-02,1.610230063106547815e+00,4.544839098405916399e-03
2.181108924191519804e+02,4.819114725869402704e+00,3.335770608084900196e-02,1.606722764363952560e+00,6.287332573468236950e-03
2.201331107493030288e+02,4.785502213040735420e+00,2.234249087275707799e-02,1.607312853091634297e+00,5.129441719478226337e-03
2.221740781062882490e+02,4.722509114058408564e+00,2.800465727726771797e-02,1.609535416685069276e+00,4.955502821269111395e-03
2.242339683219844915e+02,4.682671387933839746e+00,1.854720869634939040e-02,1.607350418639350353e+00,6.291815430116909184e-03
2.263129568399529603e+02,4.625385044413158120e+00,2.827535538985438343e-02,1.606459689890570974e+00,6.037056648581165183e-03
2.284112207303823254e+02,4.597510785138804401e+00,3.377367835299219939e-02,1.605715227836271186e+00,8.668632200377812333e-03
2.305289387051706171e+02,4.547879570905304369e+00,2.373135292689119644e-02,1.606325350341542446e+00,6.716634523887667595e-03
2.326662911331457906e+02,4.515055732354407603e+00,2.568704439775121307e-02,1.605771745109569881e+00,6.218669646594521434e-03
2.348234600554276312e+02,4.479407020138807205e+00,1.968717847242047389e-02,1.605537959824998584e+00,7.788602542307712130e-03
2.370006292009327922e+02,4.426914464578192820e+00,2.842872648215268028e-02,1.603559971021226049e+00,6.022379740237620779e-03
2.391979840020237305e+02,4.384169827234489780e+00,2.193441875985293124e-02,1.603541597002921648e+00,5.468552497473956782e-03
2.414157116103017700e+02,4.342494691481458169e+00,2.305865876148016635e-02,1.601128314350603432e+00,6.882227215385375643e-03
2.436540009125465929e+02,4.323359425572567361e+00,2.515919251386516259e-02,1.604904422868267844e+00,3.006099253666045558e-03
2.459130425468044052e+02,4.268934734788056851e+00,3.550661974132013343e-02,1.598961162018226689e+00,4.649927162489966674e-03
2.481930289186252594e+02,4.227749851290816707e+00,2.375449035555903324e-02,1.600164670192257388e+00,7.987692613280104881e-03
2.504941542174502445e+02,4.177149243337520801e+00,1.876741839261520522e-02,1.599387743119364380e+00,6.226239561308559260e-03
2.528166144331500504e+02,4.150223138750988028e+00,2.155699996056682777e-02,1.598553784299355573e+00,6.277708680371436173e-03
2.551606073727183741e+02,4.103775046382049041e+00,1.770831004211577062e-02,1.600053079309333270e+00,5.332922493649128876e-03
2.575263326771198535e+02,4.071548954962230127e+00,2.551204605585877250e-02,1.599962372677848688e+00,5.091825314279578400e-03
2.599139918382932706e+02,4.024263737660533025e+00,2.313717224685234858e-02,1.601575793653295054e+00,6.540446271477683322e-03
2.623237882163123800e+02,4.002436735504786292e+00,2.755522887658490294e-02,1.597022917979024514e+00,3.665554151207253437e-03
2.647559270567066392e+02,3.967083143270225154e+00,1.380910837074352145e-02,1.595583377112174128e+00,7.660594480081753602e-03
2.672106155079432597e+02,3.914301364137080075e+00,2.379928935729017786e-02,1.595971706062743189e+00,4.554370363588092219e-03
2.696880626390692441e+02,3.885784954039132266e+00,3.455834383029169482e-02,1.596630122302590937e+00,3.612738553396510795e-03
2.721884794575179853e+02,3.858564134730438688e+00,2.014655425429613331e-02,1.592751397229187127e+00,7.772505736138381020e-03
2.747120789270811656e+02,3.813680587268115652e+00,2.380541018995272970e-02,1.596523080138172457e+00,4.305847531270070271e-03
2.772590759860481171e+02,3.786711902213095726e+00,2.534033105885219461e-02,1.594173536877342867e+00,6.217438177164245558e-03
2.798296875655115628e+02,3.744865934769576743e+00,2.729281019753047877e-02,1.593429447005577204e+00,6.648095108872952887e-03
2.824241326078435463e+02,3.711588824982734902e+00,2.193923480246524893e-02,1.593997499822936259e+00,6.210951360350359073e-03
2.850426320853434845e+02,3.682579430336264892e+00,2.945800477279915397e-02,1.594464463431385592e+00,5.645065596657978559e-03
2.876854090190591364e+02,3.631608379936470676e+00,2.083716028674163778e-02,1.590116192250084381e+00,4.933413755723487469e-03
2.903526884977814007e+02,3.599517966583891670e+00,2.187324190333737178e-02,1.590149210678543090e+00,7.187228928398366364e-03
2.930446976972144171e+02,3.571361649871869215e+00,2.692911500678315737e-02,1.590305550309899063e+00,4.931341532250579224e-03
2.957616658993253509e+02,3.532250447667036219e+00,2.324501889534932864e-02,1.589158993737495251e+00,6.009808298733023725e-03
2.985038245118729492e+02,3.501979725030877511e+00,2.166870725596435274e-02,1.591984693814634033e+00,9.006604107633060102e-03
3.012714070881164048e+02,3.474116062373337144e+00,2.159981112010757667e-02,1.587327408429132225e+00,5.805844229898746850e-03
3.040646493467068581e+02,3.463284661187836289e+00,3.280076665796412272e-02,1.588911170582320675e+00,7.843919963551295588e-03
3.068837891917642082e+02,3.406997543336068190e+00,2.608137404569776593e-02,1.585285022944535660e+00,5.605203496046645174e-03
3.097290667331406553e+02,3.395365782137679922e+00,2.737440401610987534e-02,1.587083659569392236e+00,6.902381128579607866e-03
3.126007243068703474e+02,3.333441683660273380e+00,2.026872271972245121e-02,1.587178304485734603e+00,4.820791130345913368e-03
3.154990064958088283e+02,3.324642804328533430e+00,2.085680366165399910e-02,1.584799627828704427e+00,8.903704809131355799e-03
3.184241601504652976e+02,3.288080959369326983e+00,2.144884062199621522e-02,1.585637583666511974e+00,5.984222991281662636e-03
3.213764344100275707e+02,3.257426754721066686e+00,1.984964262905973206e-02,1.585449378557501676e+00,5.054079211247236234e-03
3.243560807235811581e+02,3.224699376188559174e+00,1.268008426496804696e-02,1.584901558529205889e+00,6.350631721512074723e-03
3.273633528715247394e+02,3.209619142465320429e+00,3.334445080360892016e-02,1.583589683760799671e+00,8.408029804983518235e-03
3.303985069871858400e+02,3.173030197393399199e+00,2.177286672042582499e-02,1.581526934081731728e+00,7.910199399608974086e-03
3.334618015786362548e+02,3.139789563628755609e+00,2.466095219695795329e-02,1.582197090257498218e+00,7.028283315554500685e-03
3.365534975507094373e+02,3.112532099843023481e+00,2.920272805357243540e-02,1.580756985527284275e+00,9.348763077139958869e-03
3.396738582272209328e+02,3.080458668363315056e+00,2.919805796194157796e-02,1.582939885310124195e+00,4.178477550266977703e-03
3.428231493733970865e+02,3.057200108616934919e+00,2.254254262121274319e-02,1.579819449728015135e+00,5.959847620630307451e-03
3.460016392185108884e+02,3.033223392464797108e+00,1.584483712592868465e-02,1.584750276246029488e+00,7.362190759766298713e-03
3.492095984787271163e+02,3.007036397422806928e+00,1.993024842577096126e-02,1.581007807419708255e+00,8.375406393912574604e-03
3.524473003801584241e+02,2.986671301788674349e+00,2.160542739439204676e-02,1.578092169187850002e+00,9.232129321008092013e-03
3.557150206821382312e+02,2.948551508223710371e+00,1.935804770778182596e-02,1.578826633695339599e+00,7.458608087355819878e-03
3.590130377007068319e+02,2.915573368270962362e+00,1.080327863929744954e-02,1.582189805308436004e+00,7.895475137491022796e-03
3.623416323323149868e+02,2.891940212736128224e+00,2.392475681235510521e-02,1.577726865529112787e+00,7.185222821946712739e-03
3.657010880777489774e+02,2.875181326722288322e+00,2.797639315676934968e-02,1.580276436384105976e+00,6.503448377855445932e-03
3.690916910662774626e+02,2.838658237734164480e+00,3.628258520522342767e-02,1.576981839752369607e+00,1.049181059567918031e-02
3.725137300800209346e+02,2.810387576123402731e+00,2.313529671545726946e-02,1.577013238359736169e+00,9.173263445064985810e-03
3.759674965785467293e+02,2.791663067721212421e+00,3.090245288733140666e-02,1.580013050100615546e+00,6.335497658004992337e-03
3.794532847236938551e+02,2.761099143766702291e+00,2.088049670107920350e-02,1.580092478729654193e+00,9.967608122503992391e-03
3.829713914046276955e+02,2.731482006936700291e+00,1.432267886786180514e-02,1.577494840261354891e+00,1.035895202167549760e-02
3.865221162631261791e+02,2.723025587487642785e+00,1.937649038931617620e-02,1.571558920499581236e+00,7.401136823080759798e-03
3.901057617190993483e+02,2.690486257913399903e+00,2.886239684235503838e-02,1.577203221592129889e+00,9.779003713234675835e-03
3.937226329963479543e+02,2.671194485016083142e+00,2.194199676159403964e-02,1.579827002814904180e+00,7.523064797232945772e-03
3.973730381485604539e+02,2.653063738219319845e+00,2.686388730041482445e-02,1.572599911942389239e+00,9.125592966263026268e-03
4.010572880855496010e+02,2.616588813671977487e+00,1.623495548178982908e-02,1.574548992663750813e+00,6.159516008141337727e-03
4.047756965997322141e+02,2.600270508395142066e+00,1.951516700414824418e-02,1.572175225089744277e+00,7.575658538219879994e-03
4.085285803928561563e+02,2.578575941240198954e+00,2.841604232422691861e-02,1.572634423420632865e+00,8.511812125913406982e-03
4.123162591029748114e+02,2.551680037462258355e+00,2.405081116189969684e-02,1.570445606472460343e+00,7.430478155518393212e-03
4.161390553316707042e+02,2.538871068041916867e+00,2.042482339283337861e-02,1.580449171306732792e+00,8.378943382963344871e-03
4.199972946715305966e+02,2.508555150292879343e+00,1.689493794237905550e-02,1.573726497115813583e+00,7.692270168371811469e-03
4.238913057338778572e+02,2.485663292024615778e+00,3.063260172161606440e-02,1.570337310605520953e+00,1.117551482236301200e-02
4.278214201767613076e+02,2.450269094125058000e+00,2.101621696371678422e-02,1.563146254567083782e+00,5.304344681967566519e-03
4.317879727332021389e+02,2.446014737137985673e+00,1.374960663646105155e-02,1.573665511761912494e+00,1.182261745099587660e-02
4.357913012397029888e+02,2.410759337405287361e+00,1.716605251717629940e-02,1.567895221051101462e+00,6.527746704639939349e-03
4.398317466650223651e+02,2.386878924869667795e+00,1.905493327043965637e-02,1.570286852336987948e+00,1.052727280222084255e-02
4.439096531392166298e+02,2.364420671578020716e+00,1.516999365226016916e-02,1.564787523813437664e+00,9.928841975013891555e-03
4.480253679829489784e+02,2.350834345040626161e+00,2.087346725176798465e-02,1.569112784838987640e+00,1.055800916022862912e-02
4.521792417370701855e+02,2.325543183568387740e+00,2.276489374681373024e-02,1.565323199034344359e+00,8.019482775910989625e-03
4.563716281924758391e+02,2.307079430913321350e+00,2.688264052615799149e-02,1.567622529781036445e+00,1.041463518778276871e-02
4.606028844202398318e+02,2.273626312841119823e+00,1.829390230739754222e-02,1.565653859435744311e+00,9.460139336189792372e-03
4.648733708020256472e+02,2.275120361544701098e+00,2.355809941594620358e-02,1.565203716169691672e+00,6.858821658305090316e-03
4.691834510607798734e+02,2.252881964592710951e+00,1.295784782583761334e-02,1.563508195276299251e+00,1.059682750028872675e-02
4.735334922917116387e+02,2.220482715274779029e+00,2.181539495531163372e-02,1.570377047631922318e+00,7.896798062717313993e-03
4.779238649935595049e+02,2.207829766375252412e+00,2.021316900080661824e-02,1.565942354863072428e+00,1.275647899178618087e-02
4.823549431001467269e+02,2.182951866949002451e+00,2.626482288451325101e-02,1.561900700501783534e+00,9.315658393319475178e-03
4.868271040122284035e+02,2.167905574791308076e+00,2.659791975892468810e-02,1.559420337581356009e+00,7.867523817429300861e-03
4.913407286296362031e+02,2.143542675858658431e+00,1.977674271415083215e-02,1.566447864533052847e+00,7.808303363112569472e-03
4.958962013837211771e+02,2.128252749918462250e+00,1.448749054900629919e-02,1.564861403648433846e+00,1.017989707452136676e-02
5.004939102700953413e+02,2.111471292658188670e+00,2.274799511645478334e-02,1.559577046869931483e+00,1.483209184738044743e-02
5.051342468816766313e+02,2.090237747823358028e+00,3.609964956939334252e-02,1.556337293647585884e+00,7.827990595898398282e-03
5.098176064420424609e+02,2.070656042650693696e+00,2.114162615729387948e-02,1.560033937937100657e+00,9.373868076800342605e-03
5.145443878390924510e+02,2.059860699974652931e+00,2.609638345004716697e-02,1.564117274268006064e+00,5.803330602992892370e-03
5.193149936590211837e+02,2.027857826947828013e+00,1.897430199348380808e-02,1.562821755042288929e+00,8.440719769236338862e-03
5.241298302206062090e+02,2.014628472218210398e+00,2.840281725181178704e-02,1.559913989536661827e+00,1.024041495112766424e-02
5.289893076098151141e+02,1.986264216465946308e+00,2.582595980629209809e-02,1.556626039207013479e+00,9.885064903258748009e-03
5.338938397147350088e+02,1.976916530680109974e+00,2.656555372914710944e-02,1.561856929298459207e+00,9.537844472631569481e-03
5.388438442608223795e+02,1.972022167056396658e+00,2.556265558036225141e-02,1.562016155198048706e+00,1.381291389921527127e-02
5.438397428464801351e+02,1.928999855622163251e+00,2.455962299790173664e-02,1.566010020969112571e+00,1.106482632533426977e-02
5.488819609789671858e+02,1.934448767592070961e+00,2.257980674249289096e-02,1.559696416541795028e+00,1.317523901195248245e-02
5.539709281106399885e+02,1.912027125669486294e+00,2.925634118410198881e-02,1.560726207859354009e+00,6.436208974452391728e-03
5.591070776755293537e+02,1.888698345063003048e+00,2.500544025419284069e-02,1.560712319617342247e+00,1.023106474669264847e-02
5.642908471262536523e+02,1.872973730206515253e+00,3.235695424854059810e-02,1.555479995016644912e+00,6.036581882295382652e-03
5.695226779712819507e+02,1.853511793348332715e+00,3.181968768176465789e-02,1.553075261905862092e+00,9.554443121296799998e-03
5.748030158125351363e+02,1.846555799073200443e+00,1.883098500480634083e-02,1.549814536481873173e+00,1.355300617720328615e-02
5.801323103833378809e+02,1.819217124603500269e+00,2.840874230526487659e-02,1.547352186337848101e+00,1.415111665994219815e-02
5.855110155867238291e+02,1.792403235387242777e+00,2.659232151785461198e-02,1.549926344970156578e+00,1.112792974147757720e-02
5.909395895340965126e+02,1.783065017927735196e+00,2.879786051663953475e-02,1.558998650536693287e+00,1.056313556659746987e-02
5.964184945842459911e+02,1.773629443015211304e+00,1.332709766626447370e-02,1.552710341486795098e+00,9.815034484584145638e-03
6.019481973827274714e+02,1.763692422046361674e+00,2.521749794592519425e-02,1.549763689300441616e+00,1.270549940719246235e-02
6.075291689016071359e+02,1.744820480917650629e+00,2.710324117492788829e-02,1.560819084416231295e+00,1.138901793301680572e-02
6.131618844795768837e+02,1.742730884138017355e+00,2.569193323534134724e-02,1.552217647009779711e+00,1.431450039725794092e-02
6.188468238624383275e+02,1.718237276417188486e+00,3.030815267881422498e-02,1.548668392383599102e+00,8.875353346453748390e-03
6.245844712439618434e+02,1.697978054308835638e+00,3.024460673073238806e-02,1.552698596624397132e+00,1.187117600009456042e-02
6.303753153071274937e+02,1.690387676986767174e+00,3.425611769476505364e-02,1.549676365567469238e+00,9.305136061267595474e-03
6.362198492657482802e+02,1.672935206232795791e+00,2.812937461641414408e-02,1.546771326471697572e+00,5.835116076442692021e-03
6.421185709064758385e+02,1.662126113429823970e+00,3.384582266298945957e-02,1.544391053380071543e+00,1.317194179179835903e-02
6.480719826311971019e+02,1.632700556668898795e+00,2.291294497479271289e-02,1.547822266824567361e+00,1.197667250488041076e-02
6.540805914998252319e+02,1.620847880403258001e+00,1.936666112903298598e-02,1.551228815239871661e+00,1.131274463969721665e-02
6.601449092734883379e+02,1.614862823039323825e+00,3.719332247499704952e-02,1.548597414892976420e+00,1.751598897844050193e-02
6.662654524581149644e+02,1.587593473704464353e+00,2.304832852859804715e-02,1.547229920165553052e+00,1.490283367619329828e-02
6.724427423484249857e+02,1.577997317300440905e+00,2.272422044675491415e-02,1.544455808896175952e+00,9.087765407629974299e-03
6.786773050723295455e+02,1.574286599603657466e+00,1.898374303358463591e-02,1.550965910698415939e+00,1.109359114864035684e-02
6.849696716357440209e+02,1.553228264944053638e+00,3.148031556169859219e-02,1.542905949116208264e+00,1.379629648577020314e-02
6.913203779678127603e+02,1.540896458946067638e+00,2.491432389497389571e-02,1.548041446040622882e+00,1.322600599310472941e-02
6.977299649665537800e+02,1.519053040025231782e+00,1.876707423769822386e-02,1.535280020826161218e+00,1.800114586834624525e-02
7.041989785449288775e+02,1.505107434200144922e+00,2.753038550823415365e-02,1.544162652815592285e+00,1.168791286145148649e-02
7.107279696773412070e+02,1.507831870795297124e+00,2.840146178984790867e-02,1.542811811999520888e+00,1.533621195808566179e-02
7.173174944465612271e+02,1.475940942518956023e+00,1.995039036754772677e-02,1.539851827574827636e+00,1.688096870081433679e-02
7.239681140910877275e+02,1.461357116628987152e+00,2.015218215719340872e-02,1.540711827553153057e+00,9.054672568400895516e-03
7.306803950529499616e+02,1.454650791949518185e+00,3.276055524249048279e-02,1.538727209504063831e+00,9.471776937745212538e-03
7.374549090259546347e+02,1.437049977175772097e+00,2.767824565478305132e-02,1.545930402471678899e+00,1.498348483519325140e-02
7.442922330043758166e+02,1.428543484360753180e+00,2.082521083578687399e-02,1.531173660984800122e+00,1.611594374226456988e-02
7.511929493320968731e+02,1.414886749427787027e+00,2.506009588913588396e-02,1.533440606687923591e+00,1.461440032375155469e-02
7.581576457522110104e+02,1.398535909435018487e+00,9.008756075972760777e-03,1.536529796480276655e+00,1.525036173508070338e-02
7.651869154570817955e+02,1.393252644014790986e+00,2.312954561818583027e-02,1.540269504495982433e+00,1.262722896571681110e-02
7.722813571388642231e+02,1.376020952723772561e+00,2.032722532028915022e-02,1.536470541229614462e+00,1.161492672407412122e-02
7.794415750404950813e+02,1.366004616747921840e+00,2.525882880466542510e-02,1.534747753150343286e+00,1.798610428731222191e-02
7.866681790071581872e+02,1.358755205818794609e+00,2.601472153991452041e-02,1.534052943736011976e+00,1.990701456522336182e-02
7.939617845382275618e+02,1.346551799246447079e+00,2.021536551905905518e-02,1.531745749727968953e+00,2.439406174089693916e-02
8.013230128396886585e+02,1.322911781913814089e+00,2.510305162337515134e-02,1.524287957081767120e+00,1.880020500656903737e-02
8.087524908770457159e+02,1.317228269068194013e+00,2.282772717397377193e-02,1.534552561645224911e+00,1.307705671489460195e-02
8.162508514287228536e+02,1.310925984268920708e+00,1.345236157209824673e-02,1.533799562755206569e+00,9.970563166970243182e-03
8.238187331399601590e+02,1.284540405166187949e+00,2.537762686854509384e-02,1.531525755111597054e+00,1.738810164009888665e-02
8.314567805772063593e+02,1.283102534031651754e+00,1.639060917552816535e-02,1.532217516062826856e+00,1.261398457640973934e-02
8.391656442830161495e+02,1.262221428431467896e+00,2.258569727677374114e-02,1.521911364145826617e+00,1.625465325045770751e-02
8.469459808314585416e+02,1.257264025280439457e+00,1.405276658499380465e-02,1.541005011136110880e+00,1.369063524259031030e-02
8.547984528840405574e+02,1.236959245475216518e+00,1.285061833024384037e-02,1.529575490839270246e+00,1.339846589775513241e-02
8.627237292461450124e+02,1.239504709276803229e+00,1.930520078858743993e-02,1.524447424827299002e+00,1.613157211242192621e-02
8.707224849239921696e+02,1.219582485459517418e+00,2.134825707200113318e-02,1.525382229826655500e+00,1.530959409601780584e-02
8.787954011821319682e+02,1.210615512138857985e+00,1.365916274542917051e-02,1.521647010116612408e+00,1.473178963495309392e-02
8.869431656014704686e+02,1.203659701524787184e+00,1.978369116504363409e-02,1.522654608296696077e+00,7.931781197787000914e-03
8.951664721378301692e+02,1.196692097580505765e+00,2.541027802579148495e-02,1.518188465926376240e+00,1.131955174311613348e-02
9.034660211810524970e+02,1.172815126671880037e+00,1.449690811442295307e-02,1.528111867770761911e+00,1.668202355821129731e-02
9.118425196146562257e+02,1.169296761683205066e+00,3.239752961394416764e-02,1.528486268480851340e+00,1.573001223191729941e-02
9.202966808760410231e+02,1.164292037397042900e+00,2.993725850592962243e-02,1.532948221665179300e+00,1.743060754615917071e-02
9.288292250172498825e+02,1.141120298269284516e+00,2.152066314537482219e-02,1.521608435447525887e+00,1.553256575713085966e-02
9.374408787662990790e+02,1.136359596588365495e+00,2.261712254565355004e-02,1.517020906317596340e+00,2.081305756332549328e-02
9.461323755890759912e+02,1.120600062022689247e+00,2.565823980685637620e-02,1.530310635167894784e+00,2.047009946051280005e-02
9.549044557518077454e+02,1.118878633618695551e+00,2.514059342633681235e-02,1.519381850121943156e+00,1.139670707955539597e-02
9.637578663841088655e+02,1.114727293558450238e+00,1.873952787614142912e-02,1.517967740774235796e+00,1.910343051474325954e-02
9.726933615426169126e+02,1.095461606051441716e+00,1.586687998150610596e-02,1.516896760779238962e+00,1.717087138107972408e-02
9.817117022752183857e+02,1.086270905361837125e+00,2.284110266873844511e-02,1.517089515026140756e+00,2.134877975644737524e-02
9.908136566858665901e+02,1.077927428757504691e+00,8.534508340709420424e-03,1.509588403866021000e+00,1.548997924929825312e-02
1.000000000000000000e+03,1.060758823284241981e+00,1.944732902042375575e-02,1.528590648898491278e+00,1.182006612749701702e-02
