# #Freq[Hz], #Gain_mean[a.u.], #Gain_std[a.u.], #Phase_mean[rad], #Phase_std[rad]
1.000000000000000000e+04,1.438219314873232069e+00,1.385375220929016549e-01,-1.398901533118537488e+00,4.769146623079325020e-01
1.009271514630571801e+04,1.518219060161899225e+00,4.800332542621853216e-02,-1.556493528500489942e+00,3.036652791186616324e-02
1.018628990244686429e+04,1.491830837749259731e+00,4.296249729557469893e-02,-1.542617834205536109e+00,2.767642335733325187e-02
1.028073223830864663e+04,1.517702118879283191e+00,3.125435056833463648e-02,-1.558785859113274386e+00,3.594823634930337936e-02
1.037605019766911755e+04,1.539912109827806130e+00,3.309269561450918495e-02,-1.550441493758968559e+00,3.366531575375683594e-02
1.047225189888435489e+04,1.562231778084538281e+00,3.239685686626797567e-02,-1.560319323600984687e+00,3.178960279871467787e-02
1.056934553557987238e+04,1.527256708006264896e+00,6.168855669849928475e-02,-1.529295509788571872e+00,3.105296095408928078e-02
1.066733937734857136e+04,1.563238328266368660e+00,2.828264708244126319e-02,-1.559411391582663731e+00,2.093364562789987518e-02
1.076624177045493343e+04,1.564543744330626707e+00,5.633340892094673702e-02,-1.545012919646881588e+00,1.695956252667429193e-02
1.086606113854597970e+04,1.608635169684232924e+00,5.164528285516714612e-02,-1.560695071442846693e+00,3.079389213893097069e-02
1.096680598336867479e+04,1.619619085239484280e+00,4.766776332519417902e-02,-1.566139093753798450e+00,2.688750097719071544e-02
1.106848488549411923e+04,1.650580084696221750e+00,4.466992293927947444e-02,-1.540928567877047239e+00,1.372551282127223819e-02
1.117110650504824116e+04,1.640148261663015861e+00,3.845064748815303635e-02,-1.557482471242756850e+00,2.731175112396838980e-02
1.127467958244947295e+04,1.638417837941881228e+00,8.305338274328628867e-02,-1.556747781419499654e+00,2.747173787350800853e-02
1.137921293915313981e+04,1.688783361842378428e+00,4.337405645203582655e-02,-1.568193896579833657e+00,1.658116710588721995e-02
1.148471547840288986e+04,1.704259398257723657e+00,2.146764332978239390e-02,-1.566745660158628262e+00,2.303080084104574057e-02
1.159119618598885791e+04,1.715680009966514818e+00,4.379706867480095966e-02,-1.558188384312212182e+00,2.007954807095752719e-02
1.169866413101308171e+04,1.713726787806235663e+00,2.458387904947359828e-02,-1.578901245269544562e+00,2.820353418751684813e-02
1.180712846666189034e+04,1.747136690790844327e+00,4.976959333843933297e-02,-1.562227235392098512e+00,1.816151050718406434e-02
1.191659843098558849e+04,1.776841535358504087e+00,4.092242740710758109e-02,-1.558641953007250835e+00,2.468167415732710687e-02
1.202708334768512032e+04,1.757625498923377050e+00,5.543745553951254929e-02,-1.570424494181492880e+00,1.844171889985663990e-02
1.213859262690628930e+04,1.782732162528246844e+00,6.118261387394748063e-02,-1.550955184180341284e+00,1.823542314787230181e-02
1.225113576604117770e+04,1.809078342819322227e+00,3.913423538353487385e-02,-1.563433068929920067e+00,3.140764291893453908e-02
1.236472235053714940e+04,1.829486468273515687e+00,4.771256849765282554e-02,-1.564157369778218509e+00,2.189667359214593143e-02
1.247936205471311405e+04,1.872496721057318236e+00,3.569605826917588570e-02,-1.554268775187233720e+00,3.144883773452128439e-02
1.259506464258358938e+04,1.859390623244099983e+00,7.546261421895737731e-02,-1.564870610297593334e+00,2.633266000764285589e-02
1.271183996869027578e+04,1.902679606323556483e+00,3.207542896149990358e-02,-1.559702038745645281e+00,3.127635676886093147e-02
1.282969797894147450e+04,1.885669809780573969e+00,5.414678484780621748e-02,-1.573647300837404117e+00,2.936420416926497495e-02
1.294864871145904908e+04,1.904552563001273624e+00,7.409427932761146474e-02,-1.565558376737847812e+00,3.638143164387237088e-02
1.306870229743347591e+04,1.947330104582029708e+00,4.659624111367469124e-02,-1.569148598856244581e+00,2.912365462759202578e-02
1.318986896198669274e+04,1.965013647216710124e+00,6.362506516751022245e-02,-1.552722155450439567e+00,2.479411826319942447e-02
1.331215902504307633e+04,1.986351638368477834e+00,5.201077169869151168e-02,-1.572934912013421949e+00,2.632050621534792745e-02
1.343558290220826348e+04,2.008051738007609721e+00,5.984131547487363950e-02,-1.571362975376751958e+00,3.263247855709102557e-02
1.356015110565634677e+04,2.049182502099586856e+00,4.537216447381513251e-02,-1.578214631236021681e+00,2.842202527250595884e-02
1.368587424502517752e+04,2.068891308490975245e+00,4.984741076783542196e-02,-1.569217786982261442e+00,2.202692882474581101e-02
1.381276302832009424e+04,2.093304395430750642e+00,3.741127458851465498e-02,-1.569205431124941708e+00,1.886214567643914458e-02
1.394082826282578571e+04,2.098023348992857695e+00,4.757368964444019799e-02,-1.574305831486316531e+00,1.432531940587784131e-02
1.407008085602686515e+04,2.136314930763588471e+00,4.183057893907171643e-02,-1.565757901076208380e+00,2.286387188568457171e-02
1.420053181653681713e+04,2.146870511220774880e+00,5.886035827742994164e-02,-1.584668789335252903e+00,2.102603951566943755e-02
1.433219225503573944e+04,2.147478069314653570e+00,4.203972447095014747e-02,-1.582701016124764548e+00,1.496057912214689839e-02
1.446507338521647216e+04,2.170767255058313250e+00,5.776346671818730766e-02,-1.595521706569258624e+00,4.077775012722320569e-02
1.459918652473980183e+04,2.221927686085474640e+00,6.210158697828706970e-02,-1.587246319927315907e+00,2.145289891945777183e-02
1.473454309619834385e+04,2.211088366044843490e+00,3.251657386718596887e-02,-1.592835884486041298e+00,1.823661939153850900e-02
1.487115462808953816e+04,2.239755678483918100e+00,5.317185238092485972e-02,-1.590678431131119508e+00,3.311681600595450109e-02
1.500903275579736510e+04,2.252869235798002912e+00,6.605429081074475073e-02,-1.589924125124499543e+00,1.828630061006562141e-02
1.514818922258347266e+04,2.294955306399087736e+00,4.070928571547842434e-02,-1.582411246364936019e+00,2.423055166514936215e-02
1.528863588058729511e+04,2.354821772667913926e+00,6.628655657926536826e-02,-1.588974819605620814e+00,2.371268798542289225e-02
1.543038469183564484e+04,2.372344441768471146e+00,3.276915021502337100e-02,-1.574048049000117633e+00,2.232738407542581016e-02
1.557344772926135192e+04,2.408917991547421700e+00,5.855196016809659926e-02,-1.584632552616736856e+00,1.785569912393552075e-02
1.571783717773161152e+04,2.350389009534564089e+00,4.746230845935986431e-02,-1.590004244792441845e+00,2.553339809696515694e-02
1.586356533508589564e+04,2.437041898427198205e+00,6.423861616319540002e-02,-1.584104493515863465e+00,1.799670760929404298e-02
1.601064461318317808e+04,2.455921798150797919e+00,5.000885355673085481e-02,-1.594054722105084476e+00,1.914325770348497893e-02
1.615908753895919108e+04,2.489664944043796790e+00,4.006699651379156540e-02,-1.586399644400724007e+00,2.439184376720204134e-02
1.630890675549334264e+04,2.501601411741088743e+00,4.070203590248992753e-02,-1.601362262478559062e+00,2.249061329871981929e-02
1.646011502308549825e+04,2.557855480047461327e+00,4.965626346957798670e-02,-1.591548827407811562e+00,1.839473520318522445e-02
1.661272522034293070e+04,2.563792318880949939e+00,4.147755352068449586e-02,-1.593006135521529698e+00,2.174704098097838753e-02
1.676675034527701064e+04,2.596101679042643440e+00,7.175184977769168138e-02,-1.595918966821386231e+00,1.375538591057134767e-02
1.692220351641035450e+04,2.615559599059587903e+00,5.691774538232139552e-02,-1.595060157939948153e+00,2.943491623431433030e-02
1.707909797389426967e+04,2.621578693798065185e+00,6.946908772698491552e-02,-1.593381672262260684e+00,2.060398025012942849e-02
1.723744708063620055e+04,2.645350239817302107e+00,8.048983537328015248e-02,-1.597960528721247941e+00,1.261082368805138514e-02
1.739726432343802662e+04,2.719173774738420590e+00,5.439453273776301973e-02,-1.590366018351083488e+00,1.659835198143526022e-02
1.755856331414467058e+04,2.754289551893937205e+00,5.771930010716933707e-02,-1.595537710213304816e+00,2.683927128218360769e-02
1.772135779080358407e+04,2.773662939055268062e+00,8.027788614027428493e-02,-1.600676748531588034e+00,1.192390808791676804e-02
1.788566161883461973e+04,2.795468859350308755e+00,7.653013767673427781e-02,-1.608077252978198812e+00,2.490064303285627334e-02
1.805148879221110110e+04,2.864784523806414018e+00,2.404807716353474928e-02,-1.606783241259021722e+00,1.580489104558511007e-02
1.821885343465165352e+04,2.874778246992530928e+00,3.160286816115117497e-02,-1.616295904811440254e+00,2.531690782299281586e-02
1.838776980082326918e+04,2.889907529440595368e+00,8.091548817638964664e-02,-1.600163419485390648e+00,2.303794346857422973e-02
1.855825227755518790e+04,2.954772064522744657e+00,5.950002298982753207e-02,-1.615993470514118346e+00,2.113283329728888466e-02
1.873031538506438301e+04,2.935703138483876096e+00,6.623696442988535882e-02,-1.600413728827663862e+00,2.030587115680022522e-02
1.890397377819219400e+04,3.038620684626342161e+00,5.944359821208289318e-02,-1.608760583839160319e+00,1.744744083686904784e-02
1.907924224765265171e+04,3.059344097607428203e+00,4.560905219543068961e-02,-1.616944348279496069e+00,2.443583873973454237e-02
1.925613572129198656e+04,3.066760395053916177e+00,4.717488325095450796e-02,-1.609092414695461271e+00,2.164855121810151106e-02
1.943466926536022220e+04,3.116181837704666613e+00,6.280944966079160530e-02,-1.605484186826967585e+00,2.194245134029237584e-02
1.961485808579429431e+04,3.137285854495743820e+00,6.886018400053434130e-02,-1.611051104095543751e+00,1.734412228785842461e-02
1.979671752951332746e+04,3.192500831188829213e+00,9.528765152785043102e-02,-1.616037318974546055e+00,1.720357363835913617e-02
1.998026308572550624e+04,3.254114116764722731e+00,4.602703871628323340e-02,-1.615271239144290050e+00,1.997661016665890424e-02
2.016551038724748651e+04,3.232323234015834768e+00,4.503138209052286872e-02,-1.611117306396133486e+00,2.160507878298234194e-02
2.035247521183575736e+04,3.321582203774891440e+00,4.760979685714673837e-02,-1.617645025200761921e+00,2.131832740130770384e-02
2.054117348353064153e+04,3.349515061111866032e+00,8.505691201584736350e-02,-1.617036094886171282e+00,2.522482153244752501e-02
2.073162127401231191e+04,3.362088381776228374e+00,6.067574064948295931e-02,-1.604851466608090416e+00,1.925020152287785710e-02
2.092383480396979212e+04,3.481407664987353989e+00,2.680127587907304987e-02,-1.617093728395950336e+00,2.613695335766460723e-02
2.111783044448242072e+04,3.489591035511081518e+00,8.098039164149686830e-02,-1.621837623092555747e+00,1.294204092138847434e-02
2.131362471841437582e+04,3.541162222795753767e+00,8.158168949075317311e-02,-1.611285576739784231e+00,2.994119101394731447e-02
2.151123430182167067e+04,3.549190929674967521e+00,6.831559620978573666e-02,-1.618618859054453241e+00,2.530115943405195078e-02
2.171067602537267157e+04,3.587377416058028068e+00,8.445952952159416216e-02,-1.628711049095941776e+00,2.317138422116062080e-02
2.191196687578147248e+04,3.631250932094587824e+00,9.012582722845946526e-02,-1.639878010420597665e+00,1.301189660865755687e-02
2.211512399725488649e+04,3.691419002456655107e+00,6.755609077076550617e-02,-1.612440744546800087e+00,2.340385354059438400e-02
2.232016469295234492e+04,3.769492815816772868e+00,6.108014042682003569e-02,-1.625794157949404850e+00,1.198004892254965655e-02
2.252710642645982807e+04,3.710323881464556273e+00,4.859362129391996132e-02,-1.619586942216232117e+00,2.677996776070399459e-02
2.273596682327715098e+04,3.853766054144966091e+00,8.258088356414648723e-02,-1.639934347790833913e+00,2.205387792722624668e-02
2.294676367231936092e+04,3.911707380729874561e+00,6.189535277870539254e-02,-1.632565239186173134e+00,1.951729946441220498e-02
2.315951492743154449e+04,3.967780550059072375e+00,9.184963684025940212e-02,-1.641098913516903846e+00,2.398772368857514034e-02
2.337423870891817205e+04,4.037409315052643777e+00,4.696489374725602850e-02,-1.640179781975880768e+00,2.583329238553919854e-02
2.359095330508633924e+04,4.042738995844249672e+00,7.330431643127340025e-02,-1.627603440533643475e+00,2.772581492641142120e-02
2.380967717380358226e+04,4.106788828874955222e+00,9.333132399531296475e-02,-1.647402905642257664e+00,2.579431449497475090e-02
2.403042894406969572e+04,4.136693515058485815e+00,8.599322151933420921e-02,-1.640311738087360638e+00,1.739111743597488227e-02
2.425322741760355348e+04,4.221915812315382155e+00,8.185241278811057619e-02,-1.639671292273817027e+00,2.127336597852064887e-02
2.447809157044440144e+04,4.260334573140885261e+00,8.232077000937462752e-02,-1.642030662366948501e+00,1.882833548423109085e-02
2.470504055456825517e+04,4.342180968184321976e+00,9.163534228252630254e-02,-1.643840922249626191e+00,2.305040295404866754e-02
2.493409369951880581e+04,4.349024669019188494e+00,9.073848440467542631e-02,-1.643406398189296125e+00,1.860460034759236353e-02
2.516527051405388920e+04,4.422476882316500379e+00,1.024384033489622453e-01,-1.644719175559340218e+00,1.899148319723740000e-02
2.539859068780723828e+04,4.511767342820812488e+00,9.469014907106133860e-02,-1.645980519334776293e+00,1.593716527514203035e-02
2.563407409296515107e+04,4.586694822581685926e+00,9.234898936509704226e-02,-1.656621191853213215e+00,1.488793446478277847e-02
2.587174078595923856e+04,4.678515970757720410e+00,7.323135126059454603e-02,-1.651731371973464535e+00,2.267803198925401331e-02
2.611161100917462318e+04,4.747796597217030623e+00,1.075901332681413192e-01,-1.646245683536160742e+00,1.829046285130752139e-02
2.635370519267392956e+04,4.775897026055162087e+00,7.812247259833018931e-02,-1.660361358074471383e+00,2.228708149042397599e-02
2.659804395593758454e+04,4.855966461132488199e+00,1.001957045884959152e-01,-1.656043005727855233e+00,2.419977634980715470e-02
2.684464810961965122e+04,4.947600398096805741e+00,5.009519578797812928e-02,-1.645311357558384202e+00,1.822741760506516387e-02
2.709353865732048871e+04,5.015600931765769488e+00,9.207133194550067012e-02,-1.656814868716412814e+00,1.827472017699987780e-02
2.734473679737579732e+04,5.039497841903995301e+00,9.448469048022090089e-02,-1.660540196639474386e+00,1.224348686022049860e-02
2.759826392466180550e+04,5.171722454242859257e+00,7.948822474197790589e-02,-1.664468642905174267e+00,1.628509022088596089e-02
2.785414163241768983e+04,5.228890059529297751e+00,9.672559166123925745e-02,-1.666585158955797397e+00,2.022430295676818507e-02
2.811239171408461334e+04,5.347080100433625027e+00,8.336091897536994366e-02,-1.667578188018795871e+00,2.132313244955883966e-02
2.837303616516211332e+04,5.422633634412202142e+00,8.554265531011857882e-02,-1.662496571821026503e+00,1.276362313579734210e-02
2.863609718508115839e+04,5.489901259658831023e+00,1.274318542752536365e-01,-1.666532295184818491e+00,1.561031478925989022e-02
2.890159717909511528e+04,5.537276437654992556e+00,8.788534743794162996e-02,-1.661562496769204644e+00,2.103101505887789921e-02
2.916955876018793060e+04,5.674253012504151705e+00,5.896250099625485047e-02,-1.667630230397347812e+00,1.456781411011363013e-02
2.944000475100033873e+04,5.762233917885061452e+00,1.237255303170012727e-01,-1.664489367167691913e+00,2.033979887714285756e-02
2.971295818577334285e+04,5.852903202529232018e+00,7.315393183718570114e-02,-1.677692224247735453e+00,1.781606180021582872e-02
2.998844231231030790e+04,5.969696810877893611e+00,1.206057634487113506e-01,-1.675740789242138762e+00,1.543642330173261058e-02
3.026648059395689052e+04,6.055403797603820415e+00,1.053052301640686750e-01,-1.673781645169480470e+00,1.617213737754914435e-02
3.054709671159967911e+04,6.172493556814933058e+00,1.267290839068362651e-01,-1.677838407852555225e+00,2.516968840300749105e-02
3.083031456568276917e+04,6.237226023274599740e+00,9.293414538405808667e-02,-1.671399501980710856e+00,1.606851608285314939e-02
3.111615827824363078e+04,6.330157528633714392e+00,1.446744516613431841e-01,-1.674904548178830499e+00,2.247510386123804590e-02
3.140465219496748978e+04,6.450160367019154073e+00,9.044379474671529473e-02,-1.686251950835400137e+00,1.988948590619972132e-02
3.169582088726115035e+04,6.605653663940792342e+00,1.526242323295885217e-01,-1.673847815257059057e+00,2.146226242437208193e-02
3.198968915434537848e+04,6.680026786476298994e+00,8.291260877731951306e-02,-1.687325895278764865e+00,1.949809180070670098e-02
3.228628202536733443e+04,6.934656760385948360e+00,1.174619710150904967e-01,-1.684828192834398219e+00,1.389087373279773371e-02
3.258562476153223179e+04,7.021663905152858653e+00,1.159039563960269220e-01,-1.695851770898093580e+00,1.831106898306991346e-02
3.288774285825510015e+04,7.233391981290763439e+00,8.846624627628819904e-02,-1.698239913567250570e+00,2.289100262603834327e-02
3.319266204733189807e+04,7.298448364823805434e+00,1.422063872980478261e-01,-1.697818349211707822e+00,1.585347248812004131e-02
3.350040829913136258e+04,7.394234833443000809e+00,8.922430114021505376e-02,-1.713184042775571125e+00,2.069133529270205177e-02
3.381100782480681664e+04,7.523824212864008487e+00,1.562783758063969186e-01,-1.705745142917743706e+00,2.286152526936086754e-02
3.412448707852889493e+04,7.695277342940149090e+00,1.273688029566808211e-01,-1.695834001053752260e+00,1.647988065226132365e-02
3.444087275973823125e+04,7.914851039708016067e+00,1.137191068844895236e-01,-1.709315161862842158e+00,1.972004819844552087e-02
3.476019181541981379e+04,8.099554178383304048e+00,1.311216731330686336e-01,-1.708009184415022919e+00,1.123688955493437266e-02
3.508247144239788759e+04,8.251604711675472714e+00,1.345478968562263677e-01,-1.716902256114605008e+00,9.666186188320316161e-03
3.540773908965269948e+04,8.428402448301994809e+00,1.188562309887244289e-01,-1.715202151631267213e+00,1.590859903448869905e-02
3.573602246065788495e+04,8.683714680144564824e+00,1.268067664738924682e-01,-1.723562567126983414e+00,9.604310399029663062e-03
3.606734951574031584e+04,8.830491400866964824e+00,1.720388638134539849e-01,-1.721966421000541869e+00,1.720490199481627611e-02
3.640174847446137574e+04,8.944806113588867902e+00,1.723515896194118269e-01,-1.719906999568299399e+00,1.792271708574221661e-02
3.673924781802073994e+04,9.160944513674543543e+00,1.614456604150430463e-01,-1.732914766991446642e+00,1.349897455339385717e-02
3.707987629168172134e+04,9.376410184751492238e+00,1.494201866935783163e-01,-1.737822840229746202e+00,1.211614688531455208e-02
3.742366290721976839e+04,9.616386026555224120e+00,1.220338867664598342e-01,-1.736623918380753029e+00,1.638673935463191497e-02
3.777063694539364224e+04,9.843394763506617906e+00,1.776361864400739232e-01,-1.746631318384853415e+00,1.551777067278452965e-02
3.812082795843888016e+04,1.005198329919208966e+01,2.219201614096167896e-01,-1.749682055607539866e+00,1.672464205542974897e-02
3.847426577258505858e+04,1.029987336098273865e+01,1.329560229877988220e-01,-1.744086430109885288e+00,1.598901441397925990e-02
3.883098049059609184e+04,1.052446438772799731e+01,6.497386502990611101e-02,-1.750990549325756263e+00,1.401786645187853148e-02
3.919100249433401768e+04,1.112160756611997670e+01,5.663503683180509674e-01,-1.762565157322309561e+00,2.494667647636662766e-02
3.955436244734701904e+04,1.128529264769442264e+01,3.970008769136429971e-01,-1.776556455630100118e+00,1.703853310572848653e-02
3.992109129748053238e+04,1.156135899540211120e+01,1.103474709263403408e-01,-1.763479707226786486e+00,2.001432124091684361e-02
4.029122027951343625e+04,1.177231853801650985e+01,2.387879697627871833e-01,-1.774689678806518955e+00,1.370033820108609336e-02
4.066478091781854164e+04,1.224940924612928228e+01,1.395248059920563555e-01,-1.779346685785428761e+00,1.746755493090612968e-02
4.104180502904709283e+04,1.250382149174908264e+01,2.337271683627005214e-01,-1.793540196982795765e+00,2.173278397295253656e-02
4.142232472483898164e+04,1.299302086458056671e+01,3.618666359372565422e-01,-1.799824896233068072e+00,1.572854708073248564e-02
4.180637241455761978e+04,1.362129724882741755e+01,1.100036719013436221e-01,-1.801066411668438061e+00,1.963732464680035747e-02
4.219398080805024074e+04,1.390699522387850173e+01,1.813293826988623125e-01,-1.813646834466541735e+00,1.559055435968078815e-02
4.258518291843414772e+04,1.446487706574350796e+01,2.383682000328248007e-01,-1.816321638587493181e+00,1.404242225190106830e-02
4.298001206490798359e+04,1.488156109327827359e+01,2.605409914441458863e-01,-1.831336184913727294e+00,1.485995431641283157e-02
4.337850187558984180e+04,1.607735996741421758e+01,8.335288484790792651e-01,-1.845043406406612352e+00,4.031879005760610757e-02
4.378068629038166546e+04,1.646380838827937509e+01,3.584087886915113819e-01,-1.845798672416623987e+00,2.141665042223664731e-02
4.418659956385941041e+04,1.719997536447551667e+01,3.544180456848388117e-01,-1.849935293582043228e+00,1.515410769163499753e-02
4.459627626819095894e+04,1.826517958189550583e+01,4.362454831044212944e-01,-1.881849648353244531e+00,1.394102058710101899e-02
4.500975129608051066e+04,1.896739755855203668e+01,2.599220782462721147e-01,-1.891227565306780267e+00,2.154206453979246386e-02
4.542705986374042550e+04,2.037936741288860532e+01,5.276133938057971928e-01,-1.904818263098437825e+00,1.189325779003053488e-02
4.584823751389096287e+04,2.174150305758507429e+01,3.380489895503229758e-01,-1.926235396432008029e+00,2.481544627438271935e-02
4.627332011878693447e+04,2.389572216995084020e+01,7.417625864668997426e-01,-1.970886634456838538e+00,1.725916169112502729e-02
4.670234388327330817e+04,2.687230767786557450e+01,5.399202388368212757e-01,-2.020658611243868030e+00,2.206389791636623535e-02
4.713534534786907170e+04,4.642099140238235577e+01,4.372223201873624565e-01,2.730962967673831621e+00,2.028449017550270489e-02
4.757236139187889785e+04,4.529900296376276003e+01,4.014339065496876358e-01,2.670099513608254149e+00,2.033632242370289958e-02
4.801342923653455364e+04,4.427583971114393080e+01,7.881321765576231320e-01,2.597822285046976098e+00,2.634024172746187928e-02
4.845858644816490414e+04,4.378640201685136901e+01,1.017455183400943763e+00,2.539611087497769315e+00,2.223287753040590828e-02
4.890787094139590045e+04,4.320202091643841413e+01,6.858489734898968182e-01,2.505513405762964219e+00,1.731349654694674250e-02
4.936132098237916944e+04,4.247368448813500663e+01,5.038111171909446240e-01,2.441727575186713572e+00,2.055933886071664371e-02
4.981897519205165008e+04,4.145399406622061633e+01,7.147356350200134711e-01,2.399027872837044661e+00,2.302520156818840813e-02
5.028087254942474829e+04,4.068843073267784405e+01,5.741809434750653196e-01,2.344629652299128786e+00,1.719354716541690239e-02
5.074705239490466192e+04,3.971363968233686847e+01,4.198758878889564117e-01,2.317109938992056417e+00,1.797744803277944239e-02
5.121755443364241364e+04,3.907630033710314166e+01,6.184630728767162022e-01,2.268687125715747488e+00,1.938133777769683597e-02
5.169241873891603609e+04,3.811581858524031929e+01,5.198499099556086467e-01,2.243127681128122219e+00,1.706595543599703779e-02
5.217168575554343988e+04,3.761830938786246747e+01,5.536271938729985242e-01,2.208991678951886861e+00,2.093286260259232673e-02
5.265539630332755769e+04,3.648565480039561493e+01,3.769624385047073423e-01,2.180909351366282056e+00,2.106041101816087668e-02
5.314359158053241117e+04,3.571861995069412643e+01,5.638476692216523034e-01,2.136203897891986170e+00,1.511735899525108034e-02
5.363631316739245813e+04,3.462596105654368017e+01,9.516777738945232379e-01,2.114415906456824423e+00,2.258926726596231088e-02
5.413360302965375740e+04,3.358014976507216431e+01,8.054658046808513827e-01,2.073584300260562951e+00,1.709197077097542039e-02
5.463550352214875602e+04,3.305151695633900033e+01,4.869540348066915270e-01,2.056260890073254632e+00,1.697073130787385767e-02
5.514205739240301773e+04,3.227485275930918363e+01,3.172680903283880971e-01,2.012553234795669166e+00,2.218716363674562084e-02
5.565330778427651967e+04,3.135159223969050757e+01,3.258194897616623620e-01,2.003471104887116105e+00,1.697394403200692264e-02
5.616929824163804005e+04,3.051025644384841229e+01,4.901169220827499839e-01,1.974590209780228589e+00,1.896371616502618568e-02
5.669007271207433951e+04,2.928364045445587038e+01,2.749109881317328141e-01,1.946229260737705191e+00,1.795894958565985230e-02
5.721567555063252075e+04,2.878167925852451958e+01,4.827560757812128789e-01,1.919820103607514650e+00,1.850878699940139774e-02
5.774615152359825879e+04,2.801223069785232411e+01,6.150157451011278864e-01,1.912809926336286992e+00,1.788070184958324288e-02
5.828154581230839540e+04,2.724017179946195455e+01,4.048610660124380978e-01,1.891497144347396020e+00,1.607246566591655559e-02
5.882190401699955692e+04,2.623032816865141825e+01,3.816490773861042074e-01,1.867011427546794611e+00,2.013809761374156862e-02
5.936727216069126007e+04,2.540681847075499888e+01,3.462604299618065040e-01,1.849891357104989087e+00,2.198267996574262972e-02
5.991769669310612517e+04,2.431809906985527192e+01,6.981256160279003531e-01,1.838532289834028388e+00,2.203934200477876762e-02
6.047322449462642544e+04,2.374042004634680225e+01,6.260913413801907357e-01,1.808355441747571790e+00,2.136129169901113817e-02
6.103390288028620853e+04,2.296936500024670735e+01,3.045348389462786964e-01,1.797165427986589181e+00,2.090212367983538405e-02
6.159977960380168952e+04,2.224624102955537097e+01,3.238971321372324241e-01,1.776361056232391489e+00,2.057430714611305222e-02
6.217090286163833662e+04,2.159695188199742333e+01,3.891099215640109188e-01,1.769042908552270088e+00,1.786763929524509339e-02
6.274732129711574817e+04,2.082192130682311415e+01,3.399552609717155782e-01,1.756279169552060537e+00,1.788617637514058542e-02
6.332908400455114315e+04,2.022617713922905125e+01,3.818648185249048921e-01,1.741513804265898191e+00,1.829808843632223583e-02
6.391624053344005370e+04,1.962125570258437079e+01,3.808271941409356875e-01,1.729059939826075309e+00,1.804343376445878902e-02
6.450884089267686068e+04,1.898301455068125421e+01,4.852027486494741026e-01,1.707889323977885399e+00,2.836929467884872352e-02
6.510693555481454678e+04,1.848793862864688364e+01,4.215827368446189993e-01,1.709804385424938289e+00,2.628382095982615893e-02
6.571057546036269923e+04,1.763042309811073238e+01,2.367807500303552026e-01,1.689833962500429054e+00,2.176333321405910654e-02
6.631981202212675998e+04,1.726939529408412710e+01,3.049395245502690699e-01,1.694515614948364446e+00,2.468245105331454831e-02
6.693469712958668242e+04,1.653084463652296776e+01,4.691427015280674184e-01,1.678093240278621279e+00,1.555429995566889705e-02
6.755528315331639897e+04,1.607896242291857192e+01,4.457672480251472225e-01,1.674247053578979516e+00,2.512817879696786078e-02
6.818162294944479072e+04,1.559768557006471568e+01,3.869957420037637430e-01,1.661151729391876497e+00,2.721707267271985045e-02
6.881376986415669671e+04,1.520541534783235171e+01,4.076312465798583307e-01,1.650048286799943753e+00,3.096011178016364052e-02
6.945177773823689495e+04,1.478718902913457711e+01,5.294687811743981065e-01,1.644954362413542981e+00,2.629396066265396459e-02
7.009570091165618214e+04,1.428919099287992900e+01,2.515854371387652444e-01,1.634777662110277419e+00,2.071530130692587207e-02
7.074559422819878091e+04,1.397853181955107971e+01,2.923194175493402103e-01,1.630685435628811408e+00,2.884983016663019220e-02
7.140151304013402842e+04,1.345151395645192238e+01,1.904730918972215026e-01,1.601801986098885688e+00,3.535748265242372179e-02
7.206351321293060028e+04,1.312409919804856884e+01,2.612717925772111149e-01,1.608942128364913682e+00,3.190898501102100437e-02
7.273165113001453574e+04,1.279450820720154347e+01,3.470968013578024647e-01,1.591411732285501923e+00,2.348708279195113255e-02
7.340598369757211185e+04,1.248094389596167986e+01,2.737157336837800492e-01,1.588019026922342203e+00,3.506123439877645298e-02
7.408656834939567489e+04,1.215288155550843463e+01,3.084890377791882354e-01,1.599822854605117417e+00,2.763582201856858156e-02
7.477346305177580507e+04,1.168690254951183505e+01,2.130715954801180312e-01,1.584791465720922776e+00,2.838269900867146020e-02
7.546672630843886873e+04,1.134305769140131659e+01,2.882830347304871088e-01,1.583723548055399721e+00,2.965874267610804985e-02
7.616641716552892467e+04,1.127126270873774772e+01,1.993387820034105695e-01,1.575674315422288085e+00,2.651858519164070754e-02
7.687259521663736086e+04,1.083434763467839446e+01,1.977689123939804505e-01,1.574758059536571553e+00,3.522063278378088219e-02
7.758532060787828232e+04,1.083896788337511552e+01,3.367726881396493899e-01,1.556942306931726971e+00,2.993143605618340392e-02
7.830465404301183298e+04,1.053237612352586972e+01,3.360670877809627255e-01,1.552011060319262725e+00,2.073694961428475952e-02
7.903065678861347260e+04,1.014978477764656795e+01,3.112390274692461434e-01,1.534751856771822576e+00,2.691652755995103258e-02
7.976339067929281737e+04,9.954662568735297867e+00,1.321214160759890122e-01,1.537827854039099051e+00,2.706604614212759427e-02
8.050291812295973068e+04,9.881835206740914757e+00,2.527269281081656049e-01,1.544955501266515929e+00,2.538333696564541719e-02
8.124930210614047246e+04,9.595053478158177995e+00,2.011496592057447630e-01,1.536078704321748978e+00,3.117700928396710536e-02
8.200260619934130227e+04,9.444662149896768000e+00,2.966138809090875794e-01,1.553651080625982006e+00,2.491100732238677937e-02
8.276289456246352347e+04,9.097146207868895829e+00,1.847139626761310494e-01,1.554248598615178834e+00,1.961161520268117631e-02
8.353023195026769827e+04,9.006143411708778856e+00,3.102191086693203981e-01,1.525615897802795384e+00,3.424463829227707146e-02
8.430468371788966761e+04,8.903424522840586164e+00,2.198114672494063948e-01,1.528397154274454550e+00,3.323129207489419756e-02
8.508631582640581473e+04,8.721460245072435669e+00,1.488515667022598243e-01,1.525352171376563426e+00,1.883889786699188482e-02
8.587519484845179250e+04,8.379526293468112286e+00,3.311072746388722399e-01,1.520988517872135848e+00,2.792541610454294873e-02
8.667138797389224055e+04,8.195910232849424659e+00,2.266100647299650606e-01,1.499257966949114174e+00,3.659964858710937352e-02
8.747496301554415550e+04,8.266909750292832371e+00,3.552869741447134411e-01,1.507684819111436703e+00,2.257284628767613002e-02
8.828598841495149827e+04,7.987300761566658025e+00,1.958664885400042133e-01,1.503610282961274081e+00,2.480606389145074628e-02
8.910453324821521528e+04,7.893827150052504571e+00,2.537444625437640378e-01,1.502307563836551285e+00,3.188480266557214976e-02
8.993066723187614116e+04,7.736075675178741839e+00,2.122955075678245873e-01,1.503045665585531321e+00,2.593276286301390496e-02
9.076446072885356261e+04,7.584855082356402711e+00,3.144808728521438224e-01,1.495258434002015635e+00,2.146761302503182034e-02
9.160598475443710049e+04,7.263448426024837090e+00,1.548241597074091480e-01,1.473326040020142447e+00,3.982701592965733756e-02
9.245531098233579542e+04,7.227582884910376038e+00,2.247612446903959615e-01,1.474215417972431608e+00,4.012057044768068542e-02
9.331251175078240340e+04,7.109499818174514374e+00,2.538723176391769476e-01,1.503272857027325271e+00,3.983889505604376602e-02
9.417766006869518606e+04,7.015711817477061629e+00,2.959408781063018190e-01,1.483562908340197550e+00,2.504746593703469429e-02
9.505082962189511454e+04,6.810175076277401374e+00,2.616842163504088936e-01,1.484393907402089763e+00,3.926453295156868278e-02
9.593209477938231430e+04,6.646538316688977766e+00,2.514973530463954221e-01,1.447823572898647715e+00,3.152718590331400617e-02
9.682153059967076115e+04,6.447741859079920701e+00,2.792884787915833611e-01,1.475546206966661611e+00,3.634877632580454931e-02
9.771921283717996266e+04,6.445953922677125192e+00,1.938849763755932654e-01,1.465439695955941035e+00,2.748847224213888524e-02
9.862521794868784491e+04,6.338197019302764801e+00,2.717881679690362096e-01,1.441080605150511840e+00,2.492990898899604887e-02
9.953962309984244348e+04,6.347322304918273872e+00,1.007294088801539006e-01,1.453094489126191657e+00,3.545303403129808351e-02
1.004625061717340286e+05,6.218294417975576138e+00,2.200472182965215739e-01,1.459241774460955821e+00,2.837858941406594740e-02
1.013939457675291778e+05,6.079553710109522058e+00,2.170348135623691999e-01,1.448135695726380456e+00,2.620384486968941815e-02
1.023340212191642349e+05,5.976186522127012068e+00,1.441105344610697503e-01,1.446542988793911633e+00,2.817966665686400668e-02
1.032828125941027392e+05,5.771814005918914248e+00,2.693131742943228879e-01,1.453139438827776075e+00,4.517079874818331897e-02
1.042404007021555735e+05,5.838176885817082606e+00,1.389433670837794399e-01,1.434430887515463215e+00,2.568543063144514832e-02
1.052068671023622883e+05,5.673992157732978825e+00,1.764778783504843962e-01,1.427292594811746529e+00,2.785841752506747551e-02
1.061822941099384625e+05,5.598474280613885412e+00,1.963038762942170001e-01,1.432376918299319346e+00,4.726057737095917810e-02
1.071667648032864381e+05,5.441992297913058607e+00,2.018815800073076039e-01,1.432129627214148826e+00,3.491062552383514955e-02
1.081603630310709414e+05,5.405057781973081177e+00,1.548285199990457883e-01,1.431798246768137384e+00,3.930956673404661234e-02
1.091631734193614684e+05,5.413718646591684447e+00,2.088204809778538285e-01,1.409533687628633292e+00,3.370898860199358221e-02
1.101752813788387430e+05,5.235520863289955251e+00,2.324112923632555283e-01,1.417010824070186858e+00,4.815466508344079521e-02
1.111967731120697863e+05,5.029573751263855641e+00,2.146632691548789329e-01,1.439613557049933767e+00,3.099653857255273842e-02
1.122277356208507117e+05,5.152387502231521310e+00,1.472614146634177168e-01,1.428004008460458385e+00,4.259594587889353051e-02
1.132682567136153812e+05,5.046310933395843357e+00,1.982077052706748554e-01,1.406433504706513293e+00,3.149314524284532735e-02
1.143184250129150314e+05,4.940192004766627676e+00,1.655385947258363188e-01,1.416119449835991251e+00,2.954136629549271656e-02
1.153783299629662069e+05,4.850655633081986551e+00,2.200660506128006566e-01,1.403969497700125135e+00,4.069948588937080669e-02
1.164480618372685421e+05,4.826658809445424581e+00,1.049838740248197205e-01,1.410184764254028167e+00,2.807327953746393406e-02
1.175277117462945171e+05,4.811116371867635522e+00,1.552487908033173269e-01,1.406201668733509047e+00,4.553115572010669326e-02
1.186173716452479130e+05,4.550146313624094496e+00,3.369205658892246991e-01,1.410020615311321723e+00,2.899749520486850224e-02
1.197171343418965698e+05,4.553753744539394077e+00,1.635688612160971500e-01,1.377020660569426624e+00,4.813910936756331943e-02
1.208270935044775979e+05,4.528162730276872772e+00,1.782658587283544316e-01,1.403171788748958315e+00,4.749996916480041936e-02
1.219473436696738354e+05,4.355241428046111807e+00,1.856541768774672696e-01,1.377880237684251385e+00,4.402789328662723434e-02
1.230779802506665874e+05,4.441272076367517307e+00,1.834852375082106912e-01,1.391006820293942736e+00,3.735859347409962311e-02
1.242190995452618663e+05,4.366606711960563381e+00,2.512296713291214401e-01,1.354920843616165271e+00,5.610507923574141464e-02
1.253707987440919678e+05,4.355962050362306215e+00,1.870100160789709143e-01,1.328229624795062014e+00,2.358914063492376437e-02
1.265331759388942883e+05,4.236880861909463114e+00,1.451888987937362263e-01,1.375181217993046268e+00,5.475457843981124811e-02
1.277063301308644732e+05,4.247245125992337833e+00,2.095094180753649393e-01,1.375799511355827898e+00,3.564189565314843100e-02
1.288903612390891503e+05,4.087903269910722948e+00,2.486252913122084796e-01,1.339530065420882377e+00,3.591513708203565580e-02
1.300853701090570539e+05,4.205588555346491120e+00,1.879654943781122467e-01,1.360380749555666124e+00,4.345885223738858716e-02
1.312914585212465317e+05,4.035170704492861304e+00,1.571003922359155147e-01,1.357054175901779791e+00,4.775408386359513563e-02
1.325087291997953726e+05,3.917259076212434188e+00,2.609349786330709686e-01,1.353887039992010433e+00,6.592006267974240274e-02
1.337372858212497667e+05,3.921238961652409039e+00,1.374722768007442808e-01,1.345902675582055341e+00,4.234807432828834733e-02
1.349772330233941902e+05,3.924114273464333280e+00,2.455675003993830763e-01,1.359755308234031235e+00,3.235956488286617638e-02
1.362286764141646854e+05,3.786803256164496645e+00,1.975476703678319124e-01,1.320250296577267335e+00,6.209305776127310023e-02
1.374917225806420320e+05,3.646116032488288194e+00,2.188066070448747846e-01,1.350219887699940058e+00,4.198896132794065900e-02
1.387664790981307160e+05,3.655180054052340921e+00,2.332155046520539565e-01,1.366100602422317012e+00,6.374486434447580729e-02
1.400530545393219800e+05,3.717595468262764768e+00,1.676698175871245144e-01,1.385177905277349186e+00,4.940751979952889145e-02
1.413515584835395566e+05,3.670289148294060944e+00,2.872976606252952703e-01,1.330416592879979820e+00,4.796491722057057150e-02
1.426621015260735294e+05,3.589502020564447005e+00,2.878337674613702935e-01,1.342873368143219892e+00,8.472356809757387863e-02
1.439847952876006602e+05,3.646838462712406859e+00,1.172620692098933770e-01,1.361784796349499560e+00,9.379884651922289207e-02
1.453197524236895260e+05,3.584297206216580545e+00,2.400295251942729524e-01,1.298615648719404270e+00,7.054745278715579548e-02
1.466670866343968664e+05,3.544333913099017686e+00,3.475958522366697223e-01,1.332233530740819960e+00,8.827431384153014426e-02
1.480269126739510102e+05,3.414010607088663996e+00,1.827176849596660324e-01,1.318168797256004110e+00,8.816313102638421995e-02
1.493993463605256111e+05,3.393081127836198085e+00,1.559827070829195028e-01,1.277743582267775846e+00,7.603516139571583898e-02
1.507845045861051185e+05,3.433420833947457673e+00,2.360628059844243343e-01,1.315756791026618799e+00,8.831228213649949810e-02
1.521825053264386952e+05,3.407685589945914639e+00,2.474094973806023612e-01,1.312963200138112851e+00,6.779200234748902765e-02
1.535934676510895370e+05,3.242702979213330394e+00,2.140096555932855527e-01,1.297110307932754392e+00,8.054855345616258877e-02
1.550175117335768882e+05,3.322260429629206868e+00,2.997159886039589827e-01,1.306222665837792674e+00,6.162333159417150708e-02
1.564547588616095891e+05,3.132470026294579490e+00,1.304514184568884849e-01,1.282749600838213988e+00,4.498951426671202181e-02
1.579053314474175859e+05,3.272687981992207007e+00,1.742252356601077246e-01,1.301137190549489731e+00,8.527778896404353270e-02
1.593693530381776218e+05,3.221523775164362835e+00,2.794717696174280341e-01,1.273942930785147087e+00,8.933891308111199803e-02
1.608469483265355229e+05,3.068144116000855348e+00,1.456263535535511355e-01,1.320780317552597838e+00,9.526576942732688236e-02
1.623382431612278160e+05,3.029810412836266842e+00,2.677536332184429213e-01,1.273505133123633781e+00,9.527561038053272702e-02
1.638433645577984862e+05,2.936575759008136721e+00,2.748528551748716242e-01,1.334559219113457429e+00,7.816967362040874723e-02
1.653624407094178896e+05,2.990337697992115018e+00,1.613409089732587010e-01,1.282006240735660274e+00,7.432088046328233499e-02
1.668956009978023067e+05,2.886886021034622551e+00,2.780203027462633258e-01,1.310923765860992685e+00,6.381234919471776013e-02
1.684429760042315174e+05,3.023292404176244119e+00,8.024093069611948348e-02,1.309942901355398259e+00,6.140477607356285145e-02
1.700046975206718198e+05,2.701780080445662868e+00,3.630959033712863326e-01,1.260219129611172217e+00,1.174185220987650213e-01
1.715808985610006494e+05,2.772577592112752232e+00,1.652338326900855414e-01,1.237330522729104265e+00,7.194387672552526869e-02
1.731717133723352745e+05,2.798925873884769988e+00,1.873670557712996398e-01,1.272133287238007338e+00,8.266450500321076422e-02
1.747772774464680697e+05,2.870215822278222362e+00,1.978745077772327277e-01,1.273565625607508078e+00,1.092896919412868345e-01
1.763977275314045255e+05,2.632804412328273891e+00,3.165452257567822336e-01,1.290649508236286325e+00,1.421166607961030226e-01
1.780332016430112126e+05,2.684494666219535031e+00,3.194929999756322969e-01,1.243535230755845600e+00,1.185328850549756258e-01
1.796838390767719247e+05,2.782804071538811819e+00,2.137962519242370685e-01,1.238637404915126083e+00,1.093941641160322970e-01
1.813497804196495272e+05,2.719299175952381020e+00,1.890302493936248940e-01,1.253137107629730629e+00,6.520689174062964388e-02
1.830311675620613096e+05,2.459126577678658609e+00,2.367728311019781928e-01,1.204789526660742238e+00,9.468253176526547632e-02
1.847281437099635950e+05,2.717217376735214351e+00,2.120286005527957096e-01,1.268271877336981435e+00,1.206605352880009835e-01
1.864408533970485150e+05,2.525066689871316328e+00,3.316108443321880705e-01,1.261334700757885230e+00,1.366239820664776061e-01
1.881694424970555701e+05,2.664220650941022672e+00,2.097829691007873087e-01,1.211377370048371649e+00,6.594921871897299614e-02
1.899140582361935521e+05,2.564881897493160423e+00,2.378142620554737352e-01,1.234757530848250129e+00,1.317160730217034614e-01
1.916748492056812975e+05,2.564348466030195173e+00,2.207893117683630280e-01,1.219283513018898368e+00,6.926334441004709797e-02
1.934519653744044190e+05,2.519912336883626036e+00,2.294737426211801434e-01,1.209885640831907194e+00,9.153059215459399822e-02
1.952455581016860961e+05,2.326834934578315028e+00,2.672134648733783258e-01,1.199703220498209877e+00,9.380071773106296584e-02
1.970557801501800423e+05,2.405007431649170968e+00,2.826102408784593734e-01,1.281081384119073796e+00,1.236386600236746014e-01
1.988827856988811691e+05,2.407048353134387586e+00,3.480001602191218901e-01,1.219417122027742550e+00,1.403259215123378589e-01
2.007267303562568268e+05,2.328973015057799412e+00,2.661698465343430020e-01,1.229552609576134881e+00,9.563899460522969076e-02
2.025877711735017074e+05,2.333267298414155366e+00,3.516739833238857194e-01,1.197303442522779093e+00,1.146808226229398264e-01
2.044660666579117824e+05,2.256724906465434444e+00,2.749038893478253920e-01,1.164443052526870526e+00,1.623637590357064064e-01
2.063617767863856570e+05,2.428980556913813871e+00,1.813086472350715350e-01,1.181906497249311183e+00,1.506133672263756940e-01
2.082750630190514203e+05,2.290941539373985147e+00,2.771974200875774175e-01,1.203703311228437656e+00,1.351048771783211755e-01
2.102060883130158472e+05,2.343822678756022349e+00,3.828935081398818219e-01,1.149394645685961391e+00,1.417844425752719240e-01
2.121550171362452384e+05,2.143720683773383762e+00,2.102307145789998888e-01,1.202904408129517488e+00,8.210994882144480311e-02
2.141220154815731512e+05,2.117773234417732908e+00,1.985582634286397752e-01,1.117401781227787216e+00,1.111483910959970983e-01
2.161072508808376442e+05,2.101237331072955072e+00,1.581797729884380221e-01,1.206706857139117073e+00,9.982625691448644700e-02
2.181108924191519909e+05,2.140290678118575762e+00,3.753912916932197752e-01,1.175908665574173728e+00,1.017024379009388024e-01
2.201331107493032468e+05,2.197729412890867984e+00,2.373107065300675556e-01,1.216633330784467892e+00,2.024989749982717413e-01
2.221740781062882452e+05,2.103414659419215571e+00,2.684684453927428938e-01,1.179053441548681969e+00,1.370773559702757050e-01
2.242339683219845174e+05,1.963873317787948380e+00,4.143014011157206689e-01,1.128969000311529358e+00,1.273456400608547479e-01
2.263129568399529671e+05,2.098419655541031936e+00,2.233942667334382071e-01,1.129784418256152279e+00,1.613730204842765970e-01
2.284112207303821051e+05,2.079135686135357375e+00,2.630584084907042208e-01,1.170434320118235005e+00,1.257003727069948562e-01
2.305289387051706144e+05,2.045005678677404681e+00,2.930920070670797184e-01,1.182742515135890127e+00,1.542004106443475020e-01
2.326662911331458017e+05,2.049429323847708595e+00,3.565693161329059335e-01,1.177762573819372438e+00,1.784282496889107450e-01
2.348234600554276258e+05,2.109632330813747014e+00,2.498068371916732644e-01,1.118312940505898911e+00,1.744799042091385310e-01
2.370006292009330355e+05,2.142628266711672502e+00,3.027083465202640156e-01,1.091136449921129570e+00,1.925149599456845440e-01
2.391979840020237316e+05,1.959919620173428356e+00,2.804494229621623536e-01,1.114070957500291614e+00,1.032101850536309845e-01
2.414157116103017761e+05,1.868188279411575836e+00,3.563423024369682945e-01,1.160807798448969530e+00,1.437050954055023588e-01
2.436540009125466167e+05,1.828352545616997116e+00,2.068596223329203510e-01,1.037207926620685949e+00,1.096977069011629558e-01
2.459130425468041503e+05,1.795508197485343516e+00,2.761127968766661223e-01,1.193561036860792512e+00,1.749284681579021672e-01
2.481930289186252630e+05,1.894483110853578456e+00,2.577023982788487211e-01,1.097598630336828807e+00,1.676886054538457294e-01
2.504941542174502392e+05,1.834157187889311924e+00,2.302723007404009481e-01,1.072729205158447163e+00,9.928746986248233874e-02
2.528166144331500400e+05,1.761746537697243653e+00,2.359578869384504340e-01,1.030364801508568018e+00,1.511583834352950573e-01
2.551606073727186304e+05,1.672800333752052948e+00,2.021503328836046498e-01,1.147505596954014440e+00,1.827334241564327055e-01
2.575263326771198772e+05,1.744403803582185164e+00,2.372800813943629628e-01,1.090355576326635489e+00,1.711406564465273450e-01
2.599139918382932956e+05,1.949030744483024380e+00,3.348769351698343555e-01,1.088375064454939478e+00,1.614296857747591907e-01
2.623237882163123577e+05,2.011436029636006761e+00,2.324053684605365544e-01,1.004509552954676810e+00,1.816666189307452606e-01
2.647559270567063941e+05,1.791721404776120963e+00,1.756277192587119007e-01,9.982446496365515731e-01,9.721732446637466885e-02
2.672106155079432647e+05,1.781501315521423434e+00,4.053914295779159072e-01,1.061348786874471983e+00,1.336018053234204195e-01
2.696880626390692778e+05,1.549294474087668405e+00,1.949105532388177298e-01,1.143759022019764204e+00,1.828134709792617052e-01
2.721884794575179694e+05,1.855370418479168393e+00,3.917790477109988623e-01,1.089359413948649102e+00,1.752795408451262582e-01
2.747120789270814275e+05,1.807054153132856111e+00,3.333111796227716250e-01,1.022500603281836895e+00,1.310042844658262373e-01
2.772590759860480903e+05,1.454584583810260678e+00,2.770118523277629308e-01,1.156449667229539457e+00,2.460006184898416715e-01
2.798296875655115582e+05,1.545788775401015114e+00,3.043454822532655757e-01,9.786841624678223051e-01,1.976024390738796987e-01
2.824241326078435523e+05,1.606827126051334931e+00,2.685250199625146550e-01,1.020630826179234729e+00,2.002470871093655624e-01
2.850426320853431826e+05,1.574518773538108984e+00,2.246460833419800518e-01,9.831296814896012259e-01,1.900052364414150652e-01
2.876854090190591523e+05,1.539999394349739870e+00,2.618837146975260821e-01,1.022380506342182249e+00,1.199766936681080642e-01
2.903526884977814043e+05,1.687512788611978509e+00,3.233746499166252342e-01,9.523032904900368134e-01,1.604471550268904978e-01
2.930446976972144330e+05,1.643148592201335134e+00,3.778382331359493307e-01,1.020739776204749205e+00,1.935666933544764601e-01
2.957616658993256860e+05,1.509680251891170055e+00,3.492253790001279001e-01,1.020444414984008841e+00,2.124018599883258918e-01
2.985038245118729537e+05,1.582068884046156532e+00,3.647707659516705170e-01,9.880317287549648109e-01,2.893863116039278593e-01
3.012714070881163934e+05,1.502592201795939664e+00,3.422815129359473296e-01,1.018166065326364000e+00,2.561639605927296115e-01
3.040646493467068649e+05,1.739229999466893606e+00,3.486918376984820545e-01,1.011073601630524621e+00,1.475726331455128881e-01
3.068837891917639063e+05,1.664558455825137839e+00,1.785811560621704264e-01,9.625685601665875391e-01,1.918481003605527202e-01
3.097290667331406730e+05,1.486759905328543407e+00,2.614542741221998479e-01,1.103378923689949387e+00,3.316903205064089533e-01
3.126007243068703683e+05,1.534967315399361043e+00,3.983208079502376098e-01,9.572407772904647505e-01,1.402541298557068439e-01
3.154990064958088333e+05,1.328421569221626797e+00,2.248053614449296300e-01,9.314313738821858868e-01,1.848319303789861534e-01
3.184241601504656137e+05,1.414404894300831383e+00,2.821135594022135540e-01,9.856977426166079193e-01,7.457667843218379611e-02
3.213764344100275775e+05,1.671494603317311256e+00,2.376299589340264973e-01,9.057613659265039141e-01,2.813502428473005912e-01
3.243560807235811371e+05,1.301739494658420870e+00,3.976469420000030564e-01,9.977561794132536743e-01,3.133032517899900227e-01
3.273633528715247521e+05,1.457895633407397140e+00,3.315873026414591918e-01,9.579753762973096665e-01,2.214710384190770320e-01
3.303985069871855085e+05,1.385234888717816526e+00,4.115700322455471127e-01,9.724867934735611508e-01,2.042246003847909830e-01
3.334618015786362812e+05,1.477045632559243149e+00,2.801619976091154762e-01,1.042830187354889748e+00,1.766884072776325754e-01
3.365534975507094059e+05,1.423346636922088404e+00,2.786461272036421799e-01,1.034965832550824860e+00,2.496979759318657677e-01
3.396738582272209460e+05,1.279378837303057015e+00,2.478971778835637185e-01,9.210777697148490040e-01,1.883860841978790834e-01
3.428231493733974057e+05,1.342641911626103690e+00,3.432710772535294552e-01,7.738777877194975563e-01,1.537807453067694119e-01
3.460016392185108853e+05,1.234043586586380359e+00,2.519573155451128033e-01,7.963886630827918811e-01,3.818159659233552050e-01
3.492095984787271591e+05,1.247789301461668776e+00,1.472432715481191423e-01,9.295063613452777540e-01,1.495971877163123631e-01
3.524473003801587620e+05,1.385223742126875823e+00,3.273170684701455224e-01,7.983835613320120483e-01,2.463549736947032442e-01
3.557150206821382162e+05,1.419432890116512080e+00,3.789880023972553857e-01,9.364620799823594188e-01,2.499995381935574412e-01
3.590130377007068601e+05,1.275299806526412727e+00,3.490746829643733284e-01,1.080017942427453193e+00,2.722047004550361415e-01
3.623416323323149700e+05,1.335080656734458859e+00,2.739500238605248605e-01,8.633840093219953271e-01,2.475599807689812804e-01
3.657010880777486018e+05,1.411147021408211577e+00,4.188902756465875954e-01,8.842654196940176181e-01,3.312293688017824977e-01
3.690916910662774462e+05,1.273110473192724523e+00,3.078112832567203583e-01,7.255162542574826734e-01,2.612575338977762285e-01
3.725137300800209632e+05,1.149635981856646616e+00,3.258704535558152315e-01,7.517190590722120369e-01,2.212205498102859658e-01
3.759674965785467648e+05,1.196044015854850873e+00,3.242074692031738370e-01,8.548185144210552755e-01,2.810616688482677761e-01
3.794532847236942034e+05,1.302138653192009832e+00,3.280401919989061610e-01,8.662510193079336895e-01,2.233077625497411900e-01
3.829713914046277059e+05,1.271162463003873810e+00,4.121635289497287413e-01,9.065575547859541228e-01,2.833464353443251871e-01
3.865221162631261395e+05,1.139760899358508439e+00,3.352590859858035066e-01,8.038738746368221388e-01,2.476129956989124581e-01
3.901057617190993042e+05,1.064623736953146604e+00,3.841975969764137022e-01,1.066850613482967169e+00,3.044547321366318227e-01
3.937226329963475000e+05,1.277017996779370446e+00,4.188785923331976302e-01,8.722961943469901280e-01,2.660805657813959391e-01
3.973730381485604448e+05,9.058653045881112087e-01,3.555255138986831986e-01,9.078016901894592205e-01,3.131115874271874211e-01
4.010572880855496041e+05,1.193310791497509848e+00,2.869385153873792449e-01,1.076279978750012800e+00,2.306247764416131663e-01
4.047756965997322113e+05,1.183996536643717068e+00,4.384538029498105671e-01,8.242824054184925142e-01,3.394550993277217210e-01
4.085285803928565583e+05,1.393884260973870859e+00,3.402845590764427830e-01,7.093023028588608669e-01,3.517877747747729100e-01
4.123162591029748437e+05,1.198455654358940858e+00,4.514129854325402702e-01,7.394848287137129050e-01,5.519859409964713581e-01
4.161390553316706792e+05,1.109725734455511370e+00,5.002616882889235894e-01,9.108845034167361021e-01,3.216804203825072705e-01
4.199972946715306025e+05,1.073170506752970210e+00,3.073343249235697683e-01,7.730744672589455746e-01,2.989832543239008822e-01
4.238913057338774670e+05,9.858963336255059939e-01,2.268089893641148103e-01,7.407588153771675898e-01,4.067096477376198616e-01
4.278214201767612831e+05,1.012144267259086794e+00,4.744412867999692196e-01,8.437713065428938952e-01,2.068361238869267926e-01
4.317879727332021575e+05,1.036916523266263157e+00,2.784816615956336450e-01,7.474971623026345213e-01,4.191423638846616950e-01
4.357913012397029670e+05,1.130898693740113092e+00,3.991928049838492920e-01,7.547874052682007617e-01,3.363325651450203568e-01
4.398317466650228598e+05,1.118550850670945618e+00,2.146824950134882670e-01,5.902835041227896262e-01,3.093369304250707108e-01
4.439096531392166507e+05,1.043770222276956483e+00,2.616363505297758518e-01,8.476985319570837785e-01,3.246215738566998188e-01
4.480253679829489556e+05,1.110291284298525527e+00,4.253499626508710496e-01,1.062389636452192310e+00,4.865108123519788497e-01
4.521792417370702024e+05,1.024816003186845625e+00,3.466075735815042358e-01,6.110509248614224287e-01,2.673551490467689917e-01
4.563716281924754148e+05,6.907118359234222238e-01,3.087992114684849909e-01,8.591240996878874991e-01,4.084438150922392041e-01
4.606028844202398323e+05,1.100448624749355009e+00,3.269420909270142062e-01,6.984137642159566894e-01,5.472347308557058421e-01
4.648733708020256599e+05,1.092334262989385740e+00,3.164847389185656001e-01,6.260124024571653845e-01,3.916309389653269135e-01
4.691834510607799166e+05,1.000875766987641580e+00,2.750755321340135895e-01,7.181222708678347555e-01,3.362051000548063051e-01
4.735334922917120857e+05,1.025677957841824917e+00,2.329939068632215504e-01,6.049881413486455362e-01,4.313621491462465984e-01
4.779238649935594876e+05,8.833874197689530749e-01,3.517237078335705980e-01,9.183426251582857969e-01,5.859406360813754766e-01
4.823549431001467165e+05,9.866375204632221729e-01,3.204494327811521770e-01,5.930871944111186789e-01,4.380341400840417898e-01
4.868271040122283739e+05,9.189052119560858767e-01,3.668311909921905811e-01,8.304954709671992230e-01,5.603816822875785642e-01
4.913407286296357051e+05,9.476801771957070741e-01,3.877509044000941318e-01,5.160771434807122082e-01,6.235449972306986721e-01
4.958962013837211416e+05,1.053239736012018479e+00,2.846210710090184559e-01,6.347222615748074892e-01,3.263330698152635545e-01
5.004939102700953372e+05,9.795740564029955522e-01,2.218869333970319713e-01,7.220422007315713264e-01,2.598379478745553861e-01
5.051342468816766632e+05,9.920065170114016340e-01,2.938425003239175659e-01,8.603277058244209741e-01,5.034259090347438237e-01
5.098176064420429757e+05,9.764380915750624501e-01,3.314842031833011848e-01,6.541401258104508898e-01,4.776287915260405414e-01
5.145443878390924656e+05,9.217826448172843357e-01,3.249618340752125634e-01,4.126790254904897925e-01,3.124634116827682551e-01
5.193149936590212164e+05,8.733927706238336919e-01,2.860369893484612791e-01,5.003340068539564589e-01,3.898169483682296654e-01
5.241298302206061780e+05,1.006360707830479706e+00,3.443968125227271360e-01,7.319059569876631421e-01,5.512958287979512484e-01
5.289893076098145684e+05,1.058632510661221993e+00,4.089875859742965747e-01,5.080270292175769198e-01,4.858883095053467271e-01
5.338938397147350479e+05,9.638655203716673947e-01,2.743672993251879411e-01,6.227896938359452905e-01,3.642132110784496168e-01
5.388438442608223995e+05,9.169733648040507834e-01,2.124400056638282575e-01,5.364165190144927209e-01,4.674503869648114485e-01
5.438397428464801051e+05,9.269594811926087363e-01,2.802759141395418929e-01,7.084356211771850598e-01,6.528741947565180892e-01
5.488819609789677197e+05,9.780632561735872477e-01,3.599035763692842727e-01,7.097688404013099417e-01,6.045266485584920302e-01
5.539709281106400304e+05,7.459873990637735375e-01,3.896128010027130051e-01,4.558869928283366124e-01,4.170753217360747001e-01
5.591070776755292900e+05,1.062443125137375155e+00,3.550701008384321566e-01,8.028939116768498696e-01,4.229999911254965217e-01
5.642908471262542298e+05,1.121493926602525448e+00,2.621413241967773811e-01,5.325924616082111651e-01,4.757643624596200604e-01
5.695226779712819261e+05,8.582875426173017797e-01,1.898800441014052431e-01,4.762790520480173484e-01,5.865473900096187521e-01
5.748030158125350717e+05,8.677191294470061322e-01,2.362088493672015177e-01,6.543946490813089545e-01,4.412373162400990978e-01
5.801323103833377827e+05,7.598246876406650197e-01,1.794615725002859929e-01,5.539893454705009379e-01,3.616750405031631255e-01
5.855110155867232243e+05,8.493860725843347392e-01,2.599909956677792233e-01,5.200102054700431742e-01,4.493790354090286820e-01
5.909395895340964198e+05,1.045490678469217949e+00,3.937572314076156488e-01,2.428163021680398437e-01,7.320821685629752551e-01
5.964184945842459565e+05,1.050002666773385718e+00,2.166593891391686288e-01,5.486009691885538331e-01,2.341821009604400095e-01
6.019481973827274051e+05,7.991701289118415819e-01,2.512711633778820230e-01,6.674105871236390986e-01,3.498415287461735801e-01
6.075291689016077435e+05,1.167348377042132235e+00,1.658622221450301026e-01,6.491362736827752666e-01,5.550146446452840499e-01
6.131618844795768382e+05,7.824011265915709057e-01,2.936925648528715405e-01,6.232552857586474149e-01,3.775105047925927937e-01
6.188468238624383230e+05,1.073472618401437595e+00,2.298356063568277319e-01,4.425745877368809644e-01,4.693281743256809690e-01
6.245844712439618306e+05,8.503302409015940366e-01,2.903374166563076342e-01,5.509135907526205855e-01,4.114030011761944938e-01
6.303753153071268462e+05,6.699195552095021933e-01,2.466165342625251944e-01,2.168925321730308942e-01,9.921647856294676382e-01
6.362198492657481693e+05,8.013732572906097085e-01,3.669348408716366916e-01,3.448917921381821072e-01,4.779046453599419264e-01
6.421185709064757684e+05,8.285097881405306675e-01,3.642417315701214076e-01,2.974714757309769864e-01,5.389149935010426606e-01
6.480719826311970828e+05,1.015211157081983062e+00,3.060626055355875064e-01,1.747339273723111375e-01,5.462706375964442307e-01
6.540805914998259395e+05,8.488401410091459542e-01,2.893448827600643147e-01,1.774156053048310255e-01,5.875637404989921819e-01
6.601449092734883307e+05,6.912044435407410647e-01,2.803211346737892740e-01,5.160948550574883109e-01,4.672363874329951150e-01
6.662654524581149453e+05,6.365225602837604191e-01,2.431110407305387688e-01,3.496167844372921052e-01,7.447608231624901487e-01
6.724427423484249739e+05,7.820027394661246412e-01,3.346310864819418973e-01,4.861532424059761270e-01,4.798694816334785340e-01
6.786773050723287743e+05,6.546444280969250240e-01,3.780622309767511791e-01,-5.928078356662869197e-03,1.000385616927059518e+00
6.849696716357439291e+05,6.758719632787477671e-01,3.792255302008729068e-01,-1.588682714018979369e-01,1.330763955987188218e+00
6.913203779678128194e+05,6.326610027339106823e-01,2.611322908426298994e-01,3.674862054175749848e-01,5.844876925724367123e-01
6.977299649665538454e+05,7.615509215811551158e-01,2.664155558901932230e-01,6.179907630254229955e-01,4.684054096095435771e-01
7.041989785449295305e+05,8.540371315126185081e-01,2.424655907441329306e-01,2.038580035979032645e-01,6.545229736851195801e-01
7.107279696773411706e+05,6.978194571778290056e-01,2.908024980856647734e-01,9.931730504117833314e-02,6.553665590576425171e-01
7.173174944465612061e+05,8.534677210149886895e-01,3.778342213275013295e-01,2.328899156202184906e-01,8.679895002094093481e-01
7.239681140910877148e+05,7.342838823129944625e-01,3.304446465018273105e-01,5.159416194761126118e-01,4.286621900099674698e-01
7.306803950529491995e+05,6.815098011997152705e-01,2.460749254067909342e-01,1.972771154507430569e-01,6.095371223774916913e-01
7.374549090259546647e+05,7.352342970301013469e-01,3.601993838697727934e-01,1.541743130614087465e-01,6.192944688245366480e-01
7.442922330043758266e+05,6.902710936776405015e-01,3.514570439684054359e-01,1.591741038836427813e-01,5.889792517572675079e-01
7.511929493320968468e+05,7.789195790057130697e-01,4.139574077289873699e-01,1.969768022003540453e-01,1.062391187625694844e+00
7.581576457522117998e+05,6.445217912410584615e-01,3.776494511601380943e-01,1.783679263818866989e-01,1.457865389005778667e+00
7.651869154570817482e+05,7.314820194482447580e-01,3.112589554191779739e-01,5.682311749176868210e-01,5.929317429798985906e-01
7.722813571388642304e+05,6.410619460646448386e-01,3.154523088356128713e-01,1.368633994436723178e-01,1.184714850290258914e+00
7.794415750404951395e+05,6.432987294261029998e-01,3.863169830877624666e-01,3.996300963641533643e-01,9.601104427575232192e-01
7.866681790071573341e+05,7.313117132862296810e-01,3.058941158592606291e-01,5.534825320002764171e-01,4.204820340442922966e-01
7.939617845382275991e+05,7.585350615347867809e-01,2.445251108148830399e-01,2.837013674568020782e-01,8.016140667210880366e-01
8.013230128396886867e+05,6.793906580458013433e-01,2.618097329845748278e-01,3.851464404949858644e-01,4.301998410134424966e-01
8.087524908770457841e+05,7.798104876926986728e-01,4.065844721504844328e-01,4.196297444915118580e-01,9.386242189014786241e-01
8.162508514287236612e+05,7.424412525539055840e-01,3.219244942445844693e-01,2.605679617389356495e-01,6.555993793684701254e-01
8.238187331399600953e+05,4.918723968316309758e-01,2.100055227556923143e-01,3.249885081334999426e-01,6.464458530968081318e-01
8.314567805772064021e+05,6.907355946507413025e-01,1.904580136172232541e-01,6.823438042004723592e-01,5.546884033005647918e-01
8.391656442830160959e+05,8.198625240730338382e-01,2.347419264138755068e-01,1.856389308518987813e-01,6.122698775322098497e-01
8.469459808314576512e+05,5.824314928742808650e-01,1.931159724671249467e-01,1.452241771449298002e-01,8.427188251534909469e-01
8.547984528840405401e+05,7.318509591477084797e-01,3.033934418292090762e-01,1.748339426196192092e-01,5.839270664828634105e-01
8.627237292461451143e+05,6.812215234802347918e-01,2.833189492327789494e-01,3.098853666596246836e-01,4.735247380935313499e-01
8.707224849239921896e+05,7.351843127092886343e-01,2.407596633246885665e-01,3.953451482385169635e-01,5.992411897908183072e-01
8.787954011821328895e+05,5.429456142650139761e-01,1.224013920212626283e-01,3.260720218339666632e-01,7.331896582331437484e-01
8.869431656014703913e+05,6.777319334160574194e-01,3.230783875160746499e-01,3.564143640429603965e-01,6.352335251298201202e-01
8.951664721378301037e+05,6.090378508636676846e-01,3.253064879948223131e-01,5.096496296763387557e-01,1.074979101969442574e+00
9.034660211810533656e+05,5.307565505734885836e-01,2.282635696046757812e-01,-3.568681267878085484e-01,6.275522631208402258e-01
9.118425196146562230e+05,7.434407474775582836e-01,2.597381996284899852e-01,2.528004102933446018e-01,6.380978829798436003e-01
9.202966808760409476e+05,5.980491836890010626e-01,3.450460802499628610e-01,-1.805873826740169164e-01,1.102568787573894760e+00
9.288292250172499334e+05,6.389391559423831524e-01,4.032945265758658415e-01,2.669376187415920532e-01,1.432070560081795563e+00
9.374408787662981777e+05,6.559345949498078809e-01,3.315807306223859663e-01,-4.623764092918274116e-02,5.718680054660617573e-01
9.461323755890759639e+05,6.839492503185196082e-01,2.678800263124391789e-01,2.555456506167660402e-01,8.684425070026529081e-01
9.549044557518077781e+05,6.030654030965069134e-01,3.714338714355274185e-01,-8.053141258193065033e-01,8.463028755931543134e-01
9.637578663841089001e+05,6.468939643706834719e-01,3.171246220584422737e-01,-1.850355078078126103e-01,1.026333492381747536e+00
9.726933615426179022e+05,5.652140735632621427e-01,1.897456116775284862e-01,-8.879140283681534462e-02,7.750082169670398091e-01
9.817117022752183257e+05,5.486949502132359990e-01,4.003143177170663258e-01,1.254974608216716803e-01,6.311042833214720593e-01
9.908136566858666483e+05,5.655634039239367805e-01,1.990633768218482147e-01,2.324931998158424606e-01,9.546173766822685369e-01
1.000000000000000000e+06,7.837105274609573735e-01,2.695837157310663756e-01,-1.325925635821779969e-01,6.177098032156903562e-01
