# #Ch2[V], #s_Ch2[V], #I[A], #s_I[A]
2.501461960784374661e+00,5.314886400302765330e-03,-3.304513977440399179e-07,1.078580558506348805e-05
2.513238750557432510e+00,4.717978148696432179e-03,1.600554108190344762e-06,1.039367806611538194e-05
2.523649580388160008e+00,5.914693642188394856e-03,-1.966567016616316990e-06,1.206759371406499384e-05
2.532620614604001119e+00,5.536690878718090840e-03,3.907246287620089450e-07,1.061686688407379996e-05
2.542551512563099969e+00,5.630423922101457541e-03,-3.114062153469439002e-06,1.109016602262534062e-05
2.551854807305452333e+00,5.217836953323767152e-03,4.168512763283286053e-07,1.130118564271826330e-05
2.563963857605022323e+00,4.326165572326483820e-03,-7.110510383235389624e-08,1.020589334639313868e-05
2.572048863750163505e+00,4.704381224756097081e-03,1.390722274713047574e-06,1.116732986096657143e-05
2.583862571359500038e+00,5.139143152649157734e-03,-2.041007683125715832e-06,1.085675818986021174e-05
2.592575180721385486e+00,5.992527930106646313e-03,7.499411639865032093e-07,1.266070256888267669e-05
2.603502860260022977e+00,5.332039911448996361e-03,3.906751724138418333e-07,1.118177406581663259e-05
2.615058143015405623e+00,4.948091963653557940e-03,-1.427743244123359615e-06,1.155496112518822917e-05
2.622958559979150284e+00,5.351431067096570730e-03,3.469157269067438715e-06,1.117197617648193201e-05
2.632077265540107014e+00,4.961295701506156230e-03,2.445666715506924870e-06,1.102270799301663575e-05
2.642746520224789286e+00,4.891299843620595250e-03,4.343160086819733534e-06,9.802994651746458127e-06
2.653231185728075925e+00,5.419508187631495374e-03,3.723834243126787756e-06,1.138806432861740788e-05
2.663494344213686915e+00,5.580335811466161262e-03,4.341805094240810339e-06,1.207915033356949545e-05
2.674680448606278294e+00,5.249866895818694132e-03,1.350435177190977172e-06,1.142846292180142996e-05
2.684426757383981510e+00,4.931537578130010605e-03,-1.670360689588675240e-07,1.091083498688405873e-05
2.693323955927263480e+00,5.555613070431812336e-03,3.371250483804665068e-06,1.126642634149870418e-05
2.703107182541245379e+00,4.992787614545324618e-03,1.799488301949569362e-06,1.054571491330266000e-05
2.712078216757087379e+00,5.712848782748409897e-03,5.336434286899482416e-06,1.154381961093534386e-05
2.722747471441768319e+00,5.284024513152283699e-03,4.231171157490433470e-06,1.156782405503853760e-05
2.731127820277142959e+00,4.474222437782469919e-03,3.918154755430832628e-06,1.168776584412064747e-05
2.742129335488338260e+00,4.518176086327427461e-03,3.021341678060791528e-06,9.987672968148835850e-06
2.749586738416730292e+00,4.487605593931224060e-03,6.424907347763888791e-06,1.123729768042511400e-05
2.758040922924662741e+00,5.017838844053913727e-03,6.646756895878347393e-06,1.090317045611515375e-05
2.766458189596316064e+00,4.493372361471182665e-03,1.260668647035700340e-05,1.057193113337200641e-05
2.776093744865181012e+00,4.884607832947955412e-03,1.066226086153679080e-05,1.122509667203012060e-05
2.784141833174042624e+00,5.413720935786298614e-03,1.325079221176018841e-05,1.172307133266139744e-05
2.795549444584306542e+00,5.196898518326608339e-03,1.299005383301221005e-05,1.118713855860065172e-05
2.802822258331306493e+00,5.297162785153879637e-03,1.607524701144826023e-05,1.129729196446848322e-05
2.810058154242025985e+00,4.482439565802906652e-03,2.082335067955128874e-05,1.048155069588408145e-05
2.817404803661582413e+00,4.876509400876378325e-03,2.299565220960152434e-05,1.112094686802149164e-05
2.824677617408579700e+00,4.498525834586489074e-03,3.069222144272704003e-05,1.028000817073732570e-05
2.833242555425349973e+00,5.060572248444366802e-03,3.118016339811849786e-05,1.112453490869901559e-05
2.839333998411413429e+00,5.479780984139181674e-03,3.648525238529679851e-05,1.152510568849448796e-05
2.845536194906315153e+00,4.378150317449229154e-03,4.093040009197765805e-05,1.094489466004832802e-05
2.853325858361222434e+00,5.201354988403901307e-03,4.491776037630754230e-05,1.113779428190381742e-05
2.857239149006815193e+00,5.239732259022540813e-03,5.428394499883741701e-05,1.068286589928405662e-05
2.864548880590092050e+00,5.406667224731003321e-03,5.908432875092853759e-05,1.156237969983413241e-05
2.867465389656147501e+00,5.001242807079100960e-03,6.761068061014109307e-05,1.157208768970700087e-05
2.873298407788257069e+00,4.775119120244083332e-03,7.431459853142654952e-05,1.186760586639884451e-05
2.876288752526871217e+00,4.968158750438747898e-03,8.455547068038540674e-05,1.131149189313225166e-05
2.882084852822701659e+00,5.441343421471286218e-03,9.238609257334884090e-05,1.133623714715240595e-05
2.884853690543640159e+00,6.049345432701556252e-03,1.013440907825768200e-04,1.203392119724901055e-05
2.888323967153883398e+00,5.336894305627120846e-03,1.096459057760058739e-04,1.046986796761323477e-05
2.894267738794829903e+00,5.335872694916091001e-03,1.167767780599623462e-04,1.108347230721953090e-05
2.897110412188327100e+00,4.201178397806203633e-03,1.253044704869891762e-04,1.017631626503363262e-05
2.899620825055311713e+00,5.478039673207579612e-03,1.374307791396793869e-04,1.177823866940884304e-05
2.902131237922295881e+00,4.980762052139250939e-03,1.499324323549606716e-04,1.062202128477610392e-05
2.904383225935326607e+00,4.869237286453428036e-03,1.585244699762785724e-04,1.036136858886046392e-05
2.904973911315793078e+00,5.178771122001983584e-03,1.733666659820162184e-04,1.147169250251861531e-05
2.908702612779988872e+00,5.829044606444338562e-03,1.830579259348701516e-04,1.199152116110745659e-05
2.912135971553952540e+00,5.048708145436616584e-03,1.936660992395494382e-04,1.060747288276086955e-05
2.912837410443257280e+00,5.390004096760017856e-03,2.075947333129905630e-04,1.087352933698922676e-05
2.916196933544661363e+00,4.677651569633910905e-03,2.169709721941140900e-04,1.085919134175204410e-05
2.917747482668387793e+00,4.664521498471213556e-03,2.293828114873546419e-04,1.105465000917374725e-05
2.920294813371651088e+00,5.019739797817616284e-03,2.395781063913869679e-04,1.156356510852821544e-05
2.922694472729797877e+00,4.684639226814012875e-03,2.522426324137820564e-04,1.057008196347965245e-05
2.924097350508406468e+00,4.989237624270206374e-03,2.630485332886881044e-04,1.145619644270604697e-05
2.925980160158646370e+00,4.729807374057760395e-03,2.747572715533895689e-04,1.147243019241604891e-05
2.928712080043304411e+00,4.866437425784559019e-03,2.864505932882566272e-04,1.109431006523007893e-05
2.929930368640517369e+00,4.968433075209072007e-03,3.025682901107567819e-04,1.039129601292144762e-05
2.929967286476796495e+00,4.723175115370612832e-03,3.164017479909092372e-04,9.744183116638213042e-06
2.932366945834941951e+00,4.532030935191285782e-03,3.256881729499907304e-04,1.013148265576351442e-05
2.932736124197734107e+00,4.957998063586836236e-03,3.404807700073649371e-04,1.092963777044742561e-05
2.934360508994017014e+00,3.958996881618670645e-03,3.516043730896286257e-04,1.064249157409616227e-05
2.934249755485180078e+00,4.041786567043969408e-03,3.644217197212281170e-04,9.965875903402770196e-06
2.937240100223793338e+00,4.896869533245066901e-03,3.774508657637196530e-04,1.055994941477034788e-05
2.938126128294494599e+00,4.330259189899236458e-03,3.876763234435205490e-04,1.035560602353272776e-05
2.939381334727985795e+00,4.429832694182703375e-03,3.997718010972203437e-04,1.010122764520825847e-05
2.939787430927056189e+00,5.110954108254811383e-03,4.135985561383131830e-04,1.092916788680796449e-05
2.941485651395899126e+00,4.805562288902876650e-03,4.264366795103185994e-04,1.095099443068316613e-05
2.941633322741016965e+00,4.161083990723086351e-03,4.411796776193279844e-04,9.620327594708754786e-06
2.943405378882417267e+00,4.086389254413967491e-03,4.523542202177641895e-04,1.059034700568726835e-05
2.943626885900091583e+00,4.664229299297920420e-03,4.702594962150850248e-04,1.082972039168587371e-05
2.944845174497304097e+00,4.284059998894871983e-03,4.823556441526877453e-04,1.035847287133111827e-05
2.947097162510334378e+00,4.891021192648017935e-03,4.942185415337275187e-04,1.156909018379459777e-05
2.948167779762430385e+00,4.229630600661112710e-03,5.065318532141485901e-04,1.043775449951638225e-05
2.947650930054523055e+00,5.434827140336787044e-03,5.222520881658434004e-04,1.147797707284209887e-05
2.949053807833131202e+00,4.856063904856263574e-03,5.356317803270844785e-04,1.021572212872400998e-05
2.950641274793135871e+00,4.602160353163791719e-03,5.456836406572782450e-04,1.089765622709682476e-05
2.951748809881510560e+00,5.324622040335270923e-03,5.583716266163862721e-04,1.141368450412467753e-05
2.952893262806164820e+00,4.431678329716229672e-03,5.709517009879891067e-04,1.076273685239191087e-05
2.953816208713144320e+00,5.182717253830012444e-03,5.848763133579952750e-04,1.148180790460696581e-05
2.955366757836869862e+00,5.177718312248814035e-03,5.963766015706590878e-04,1.251222055189193834e-05
2.955182168655473340e+00,4.964042059702370759e-03,6.113937354938180904e-04,1.160894449742783029e-05
2.957692581522457953e+00,5.014850175121271167e-03,6.224476311105329052e-04,1.103650588460823390e-05
2.957138813978271052e+00,4.644316627233307723e-03,6.372569852655552303e-04,1.069730501032500846e-05
2.958024842048970982e+00,5.332295516056496931e-03,6.529517494288245840e-04,1.132891948574874613e-05
2.959427719827580017e+00,4.777972493143015260e-03,6.650445459468984181e-04,1.122189207361868940e-05
2.958689363101996150e+00,5.239992366360111259e-03,6.806079406466342173e-04,1.115397427502121756e-05
2.960498337079675579e+00,4.840602722609891467e-03,6.916209510057669697e-04,1.045705862513304299e-05
2.960609090588512959e+00,4.739307011962448288e-03,7.057747922289010203e-04,1.062130115033773702e-05
2.963082585619218001e+00,4.865317030368371091e-03,7.173119439957125355e-04,1.068046538865281748e-05
2.962934914274101939e+00,5.004784281853127612e-03,7.320603043759712396e-04,1.088913054626202637e-05
2.964780806088060938e+00,5.130118257136368105e-03,7.425364379332127177e-04,1.046438115683199638e-05
2.965260737959690029e+00,4.924346728192477256e-03,7.549677154597272130e-04,1.224003368369790011e-05
2.966552862229461685e+00,4.645196927344310590e-03,7.688320043388740957e-04,1.059469848579210612e-05
2.967217383282485965e+00,4.441815617067198553e-03,7.847988934645685685e-04,1.062936287708441715e-05
