# Vcmd[V]	<I_LED>[A]	SE_I_LED[A]	<I_PD>[A]	SE_I_PD[A]
1.500000000000000000e+00	2.253262784654136634e-06	2.378151721966333296e-07	-8.847321714318246980e-08	7.063290377757307758e-09
1.524999999999999911e+00	3.101533416851337526e-06	6.858733973459344240e-08	-9.008323189886395629e-08	4.912713169479330277e-09
1.550000000000000044e+00	3.339865792851967752e-06	3.991482603916011443e-08	-9.398569564823182377e-08	3.202929384668451816e-09
1.574999999999999956e+00	4.003604339327867661e-06	4.237212706079057653e-08	-9.770926886919070484e-08	4.081174114087193072e-09
1.600000000000000089e+00	5.037466479450841441e-06	4.125540082433891259e-08	-9.582760553333246818e-08	4.424158024267551361e-09
1.625000000000000000e+00	6.595261055024614837e-06	4.546634184503645532e-08	-9.751050161540282305e-08	5.132661613795479231e-09
1.649999999999999911e+00	9.170678813130846515e-06	5.697691487696767425e-08	-9.181913258194441649e-08	4.903926042740611683e-09
1.675000000000000044e+00	1.313827365845131441e-05	1.197246651808447346e-07	-9.399232122335810017e-08	3.290406964814998614e-09
1.699999999999999956e+00	1.915662095745915560e-05	1.060232221027281100e-07	-9.061990348409112727e-08	6.635415080402655628e-09
1.725000000000000089e+00	2.764891172511245353e-05	1.178396434960032673e-07	-8.739324839760186465e-08	3.334326853648091321e-09
1.750000000000000000e+00	3.908668515331702783e-05	1.516183127626351883e-07	-8.072129424545678723e-08	4.002683712882012501e-09
1.774999999999999911e+00	5.332634137787127434e-05	1.342228953881200386e-07	-8.169525378901719493e-08	4.282738654111605896e-09
1.800000000000000044e+00	7.044059528641633482e-05	1.554982009531677287e-07	-9.161373975303031124e-08	4.980905823699621858e-09
1.824999999999999956e+00	9.018366092761493790e-05	1.652334484937032302e-07	-9.018924110088412726e-08	2.120753349330989116e-09
1.850000000000000089e+00	1.120177370662547725e-04	1.830629723604002177e-07	-7.652730519053340656e-08	3.300268071981647750e-09
1.875000000000000000e+00	1.357215970839100350e-04	1.526742985024191049e-07	-7.717661155290701169e-08	3.329959613872826196e-09
1.899999999999999911e+00	1.610384755627664250e-04	1.568002541093894043e-07	-6.600589189003051406e-08	3.368047755781065081e-09
1.925000000000000044e+00	1.873764444240963499e-04	1.720931172485379745e-07	-5.563024124230538477e-08	3.553918600769457918e-09
1.949999999999999956e+00	2.147833702892991620e-04	1.522171415006586768e-07	-4.714287950556470238e-08	3.919051489895940106e-09
1.975000000000000089e+00	2.430148155625712814e-04	1.171844027711517006e-07	-4.432701007690366350e-08	5.248542918597971806e-09
2.000000000000000000e+00	2.721211509541589550e-04	1.663554809275451268e-07	-3.654195930354667834e-08	5.419609080917361186e-09
2.024999999999999911e+00	3.015632268733169259e-04	1.704731803257381782e-07	-2.348295072968572390e-08	4.592097169537515773e-09
2.049999999999999822e+00	3.316071509154773110e-04	1.710955135709718263e-07	-1.188819425872851258e-08	4.696600512466849137e-09
2.075000000000000178e+00	3.620081965515086105e-04	1.629569599296440754e-07	-4.096517910245265907e-09	3.624988935454545902e-09
2.100000000000000089e+00	3.927227348488244486e-04	1.659111567299382053e-07	1.124435289248610023e-09	2.980010314096217694e-09
2.125000000000000000e+00	4.239070787380763402e-04	1.473978050394637826e-07	5.477438147202260813e-09	2.265651235261954192e-09
2.149999999999999911e+00	4.551981353366073464e-04	1.586614379359571039e-07	2.022596837825983577e-08	3.696854217425267467e-09
2.174999999999999822e+00	4.867850596633929825e-04	1.572507823785971118e-07	4.365400202471966625e-08	5.043161735082449807e-09
2.200000000000000178e+00	5.188236830935373176e-04	1.665036644029929897e-07	4.676802233406246164e-08	9.005299789188408236e-10
2.225000000000000089e+00	5.509627590108451701e-04	1.444934201457196940e-07	5.594444388393430832e-08	4.652967867492149408e-09
2.250000000000000000e+00	5.833326926575237766e-04	1.696765600552743889e-07	6.656524081133111524e-08	5.539931763413802408e-09
2.274999999999999911e+00	6.157922919471077536e-04	1.073701500664716544e-07	7.853765506448520468e-08	2.253362873344091791e-09
2.299999999999999822e+00	6.483628416347872372e-04	1.575078756694366938e-07	8.463980975577183498e-08	3.015248211973549537e-09
2.325000000000000178e+00	6.811316958968409874e-04	1.288748812734286007e-07	1.089424193188981587e-07	5.514443131714287896e-09
2.350000000000000089e+00	7.140350967788073157e-04	1.193808544575699793e-07	1.114336355663723950e-07	5.538019776030514636e-09
2.375000000000000000e+00	7.470994335246775118e-04	1.051912873917095933e-07	1.358488799066451662e-07	7.618780499101577406e-09
2.399999999999999911e+00	7.803566814227919524e-04	1.438484366120899616e-07	1.436604329805072172e-07	4.951980291368961523e-09
2.424999999999999822e+00	8.136305911428427665e-04	1.536589799934526404e-07	1.506636658889653472e-07	7.220475655295603383e-09
2.450000000000000178e+00	8.470545535714292269e-04	1.280808308566319871e-07	1.676980195385830275e-07	3.084730027500287368e-09
2.475000000000000089e+00	8.803496517355606987e-04	9.676055597625240506e-08	1.823206638422416825e-07	4.241338512994156352e-09
2.500000000000000000e+00	9.139012263841784969e-04	1.096497434201488559e-07	2.013029365789802048e-07	6.686761376308597454e-09
2.525000000000000355e+00	9.474648399214793395e-04	1.064330798075808057e-07	2.106118696313772552e-07	5.252988535369563475e-09
2.549999999999999822e+00	9.811049244796879020e-04	1.209995492540404705e-07	2.260693364009448047e-07	6.525675222204329167e-09
2.575000000000000178e+00	1.014935897656844051e-03	1.087674623585211529e-07	2.250755001320055942e-07	5.484435622031817868e-09
2.600000000000000089e+00	1.048795764166836515e-03	1.074120847765154257e-07	2.487486800581370891e-07	4.500911724159663548e-09
2.625000000000000000e+00	1.082710239075891862e-03	9.045820679315468488e-08	2.610324963422254548e-07	5.320371893139331003e-09
2.650000000000000355e+00	1.116796629315330077e-03	9.786715835802635069e-08	2.793588371414641352e-07	4.252352236528464990e-09
2.674999999999999822e+00	1.150746354090446217e-03	6.409448255209179306e-08	2.753569897652023467e-07	3.913208486556431051e-09
2.700000000000000178e+00	1.184923950950541238e-03	1.285603244746723057e-07	2.958631447809809210e-07	2.744272107071394097e-09
2.725000000000000089e+00	1.218964882346314834e-03	1.383634540892035398e-07	3.118042785347655493e-07	5.246922164291678976e-09
2.750000000000000000e+00	1.253165401250460036e-03	9.851649686893840327e-08	3.201591287689809683e-07	4.199347323762560505e-09
2.775000000000000355e+00	1.287344442777196797e-03	7.283444474507147352e-08	3.320321593952411764e-07	5.799047640050760745e-09
2.799999999999999822e+00	1.321660149768253247e-03	1.329835152669393719e-07	3.366700619836240702e-07	1.710867960857936964e-09
2.825000000000000178e+00	1.355944555648737077e-03	8.482830258297448306e-08	3.525913190120298561e-07	1.087553393845879724e-09
2.850000000000000089e+00	1.390289059661521448e-03	9.060546644111806246e-08	3.645902355656889585e-07	1.864984653202965071e-09
2.875000000000000000e+00	1.424733438294814147e-03	7.635342244266711205e-08	3.810879176300795870e-07	4.747029228134507518e-09
2.900000000000000355e+00	1.459109917595939870e-03	7.204183649968836466e-08	3.996064001079797933e-07	1.643456514670441023e-09
2.924999999999999822e+00	1.493476862097227898e-03	8.322714925008494830e-08	4.087695705075990541e-07	6.206378196021629423e-09
2.950000000000000178e+00	1.528068307794663069e-03	5.361389553987172445e-08	4.124401391275478960e-07	3.329765161655456534e-09
2.975000000000000089e+00	1.562648966647839062e-03	6.540322148021509991e-08	4.289046933163070499e-07	4.211471663264233459e-09
3.000000000000000000e+00	1.597368795054181180e-03	7.173053971242221073e-08	4.414734093308247317e-07	2.242647077507024587e-09
3.025000000000000355e+00	1.631893786086090897e-03	8.546974744788208354e-08	4.514117720202166243e-07	1.834919508300745405e-09
3.049999999999999822e+00	1.666495537072236769e-03	1.112172735760097807e-07	4.723883428699597776e-07	2.165737244721037515e-09
3.075000000000000178e+00	1.701160757079517739e-03	6.466754920143905836e-08	4.896678427992491423e-07	5.600380789041587652e-09
3.100000000000000089e+00	1.735972369973173097e-03	5.868429608956478042e-08	4.971746194173031935e-07	5.832871639179625229e-09
3.125000000000000000e+00	1.770762890733857493e-03	6.139381871062133703e-08	5.144673704968450845e-07	1.794338593309197205e-09
3.150000000000000355e+00	1.805408559585918284e-03	8.226336048814012023e-08	5.329593506742401852e-07	2.062156374655582180e-09
3.174999999999999822e+00	1.840218535190712296e-03	4.876614856026347995e-08	5.373786092834564474e-07	5.899919331910673214e-09
3.200000000000000178e+00	1.875116153905114586e-03	4.209671448581522198e-08	5.573017136881241806e-07	3.798850214596779017e-09
3.225000000000000089e+00	1.909894635777117239e-03	5.952529137668606885e-08	5.838040141931692275e-07	4.886057318875918244e-09
3.250000000000000000e+00	1.944659537782685629e-03	9.395549809664360369e-08	5.900784338377385413e-07	4.645381092546465213e-09
3.275000000000000355e+00	1.979610609162837064e-03	1.237422922657459970e-07	6.071657920883663800e-07	3.553041495676375357e-09
3.299999999999999822e+00	2.014424533523118815e-03	9.703964425143096356e-08	6.199133986312931144e-07	3.565572198872104908e-09
3.325000000000000178e+00	2.049444563657642354e-03	9.051212818848457512e-08	6.410092298333088989e-07	3.551564752227239583e-09
3.350000000000000089e+00	2.084443212725865628e-03	8.020587735445160494e-08	6.400949004658850053e-07	3.216281699106397308e-09
3.375000000000000000e+00	2.119444654816262687e-03	9.163843906850472339e-08	6.582224740113357377e-07	7.523139977110463785e-09
3.400000000000000355e+00	2.154408631885081603e-03	9.713816940530630780e-08	6.668158449500966308e-07	4.036547023931788021e-09
3.424999999999999822e+00	2.189482499929790247e-03	5.080116604624912990e-08	6.783774735454224700e-07	5.187258353502237245e-09
3.450000000000000178e+00	2.224547411041321535e-03	3.977992773987249572e-08	6.982873267998375710e-07	6.403987674137804431e-09
3.475000000000000089e+00	2.259537006865255156e-03	6.344621804844337050e-08	7.042635955637251482e-07	2.903533098337972008e-09
3.500000000000000000e+00	2.294583811488206705e-03	1.104315545352732753e-07	7.262273771072811959e-07	6.469133652768998990e-09
3.524999999999999911e+00	2.329735402598249322e-03	9.296474428799347526e-08	7.467269065479336129e-07	2.780204536531155168e-09
3.550000000000000266e+00	2.364802143620860046e-03	8.258987903585667634e-08	7.440104207461664553e-07	3.570893037875358223e-09
3.575000000000000178e+00	2.399897392731869389e-03	7.471929835293192569e-08	7.574272103768455580e-07	5.004331586442232985e-09
3.600000000000000089e+00	2.435093768507808759e-03	5.285133011175732908e-08	7.712282833648476067e-07	1.618506091426709522e-09
3.625000000000000000e+00	2.470290047972639735e-03	6.393552629822841449e-08	7.853871374096680782e-07	3.998870793683130316e-09
3.649999999999999911e+00	2.505348217306507981e-03	8.126726051482188647e-08	7.933643298616867084e-07	4.731757815800646407e-09
3.675000000000000266e+00	2.540534095171517043e-03	9.866655995016785863e-08	8.065359732126939680e-07	4.313709916060412169e-09
3.700000000000000178e+00	2.575785753524286077e-03	1.094829642578030969e-07	8.337074568054913830e-07	2.980798313273712448e-09
3.725000000000000089e+00	2.610779972281474220e-03	1.532441409340820176e-07	8.419894257133181190e-07	3.634226100912892415e-09
3.750000000000000000e+00	2.646172630098489464e-03	9.435743952544583119e-08	8.494962023313719584e-07	3.735285135152541382e-09
3.774999999999999911e+00	2.681409841784839800e-03	1.014288596056550726e-07	8.698035900933627436e-07	3.051374079285468522e-09
3.800000000000000266e+00	2.716653217382196308e-03	8.273127105437120882e-08	8.740174558736650594e-07	2.786398990989643913e-09
3.825000000000000178e+00	2.751919129779165085e-03	9.399145208265955926e-08	8.912704535024492654e-07	2.874281859350648886e-09
3.850000000000000089e+00	2.787374197195108781e-03	1.092846364717947099e-07	9.092456388199961568e-07	5.028119672412725561e-09
3.875000000000000000e+00	2.822675359458139653e-03	6.468716147095911046e-08	9.161627392518129979e-07	4.672785206976433088e-09
3.900000000000000355e+00	2.857985093409911703e-03	6.164934225921527750e-08	9.285061857120376791e-07	4.732657634677007046e-09
3.925000000000000266e+00	2.893317267850188061e-03	8.816162928932891502e-08	9.425325282543327814e-07	3.607903992676516281e-09
3.950000000000000178e+00	2.928513162070580690e-03	6.221604490030607219e-08	9.558366831078654102e-07	5.809590505426331028e-09
3.975000000000000089e+00	2.964008680152497004e-03	8.937930412742104573e-08	9.711351360744024053e-07	5.654273343573465066e-09
4.000000000000000000e+00	2.999386313436437114e-03	1.107265122280271981e-07	9.798477673654361413e-07	6.876555440984736223e-09
