# Vcmd[V]	<I_LED>[A]	SE_I_LED[A]	<I_PD>[A]	SE_I_PD[A]
1.500000000000000000e+00	2.142408697667940658e-06	2.387034174802388231e-07	-9.505241324355990257e-08	1.049134245416763437e-09
1.524999999999999911e+00	2.796419822088669247e-06	6.826334818480194163e-08	-8.145010750934552391e-08	5.616346488226903021e-09
1.550000000000000044e+00	2.881039667394470051e-06	6.499811942852614971e-08	-8.812206166149061456e-08	3.868331696518075177e-09
1.574999999999999956e+00	3.279152173985392311e-06	8.245327898155195012e-08	-9.314424760719666619e-08	2.275607767821680609e-09
1.600000000000000089e+00	3.830014100177065116e-06	8.766369236651746050e-08	-8.615426584899102290e-08	4.450362365085726118e-09
1.625000000000000000e+00	4.800407219166850939e-06	1.215010929995618892e-07	-8.960619048977314057e-08	4.310681359564238468e-09
1.649999999999999911e+00	6.133507976375405789e-06	7.388254900740595886e-08	-8.441836516591057593e-08	5.599487135643270469e-09
1.675000000000000044e+00	8.639389113453182562e-06	9.987775498130137783e-08	-9.554270580290323139e-08	8.783948522677445992e-10
1.699999999999999956e+00	1.242688218408723946e-05	7.988633525719246442e-08	-9.617213543989807349e-08	3.394978572370393821e-09
1.725000000000000089e+00	1.801105900165885193e-05	9.055247133652158791e-08	-9.302498725492395564e-08	3.344711466666397462e-09
1.750000000000000000e+00	2.585719853595876404e-05	1.702431605802720396e-07	-8.941404881111156165e-08	5.838731456920297856e-09
1.774999999999999911e+00	3.638126846873609586e-05	2.187575249048296577e-07	-9.282622000113612679e-08	3.536089990688481133e-09
1.800000000000000044e+00	4.970394662014196820e-05	2.149576042894826461e-07	-9.224316939002512686e-08	2.986565721541453054e-09
1.824999999999999956e+00	6.575271072475384680e-05	3.242205321538060938e-07	-8.977182986792966682e-08	2.686088564034633793e-09
1.850000000000000089e+00	8.467578358002805046e-05	3.325141019164581545e-07	-8.903639102891469345e-08	3.998170906581970780e-09
1.875000000000000000e+00	1.058513806633035588e-04	3.587187917992883805e-07	-7.514918556427106475e-08	6.144618169155261797e-09
1.899999999999999911e+00	1.289908575795353492e-04	4.007089190987999767e-07	-7.687846067222524856e-08	3.246115996596116543e-09
1.925000000000000044e+00	1.536664966916216450e-04	4.225706039975393415e-07	-8.012499248409327421e-08	4.475150538157369702e-09
1.949999999999999956e+00	1.797385505797378946e-04	4.395856964740287925e-07	-7.504980193737714371e-08	4.383758095927653754e-09
1.975000000000000089e+00	2.068107953395743447e-04	4.186624486407200248e-07	-6.158663328081423862e-08	4.652911260379399666e-09
2.000000000000000000e+00	2.350391586573436756e-04	4.502543491601047897e-07	-5.669695883763344373e-08	6.368285884187528220e-09
2.024999999999999911e+00	2.638922921421666323e-04	4.579457698122364094e-07	-4.824272497652407055e-08	3.623762600861533741e-09
2.049999999999999822e+00	2.935744716572031535e-04	4.677315193404197601e-07	-3.779419300241005966e-08	6.591594860231135895e-09
2.075000000000000178e+00	3.236565348987095465e-04	5.059096299404708319e-07	-2.860452030228568333e-08	4.664482531700225811e-09
2.100000000000000089e+00	3.541737317327463340e-04	4.694519775377760134e-07	-2.962485887172991997e-08	4.801227026795452861e-09
2.125000000000000000e+00	3.852053262023976766e-04	4.456869460292688018e-07	-9.131955006203827326e-09	6.028694509393438200e-09
2.149999999999999911e+00	4.166070442656960799e-04	4.791700657822481016e-07	-2.625640232215265402e-09	6.150111372634243593e-09
2.174999999999999822e+00	4.483382426344498066e-04	4.781884022594017185e-07	-5.319584923167056133e-10	2.837506493571532139e-09
2.200000000000000178e+00	4.803298662431782504e-04	5.235736820991689085e-07	8.054786871317894314e-09	2.646906897503172441e-09
2.225000000000000089e+00	5.125247062928625077e-04	5.390572803952463163e-07	1.738359664909375084e-08	3.832329675697108570e-09
2.250000000000000000e+00	5.451125919802443870e-04	5.140600617925708943e-07	3.639237168633732574e-08	8.734282364236230477e-09
2.274999999999999911e+00	5.776390311797921636e-04	4.689307560657717845e-07	3.523289603924159567e-08	5.056761601772745156e-09
2.299999999999999822e+00	6.106093682828316613e-04	4.812319680835266275e-07	5.110777404176359230e-08	4.849036143988083620e-09
2.325000000000000178e+00	6.436589694289550486e-04	5.308497988953960675e-07	7.254150957521878506e-08	5.806196794464770262e-09
2.350000000000000089e+00	6.769587868374500866e-04	4.885530333297847155e-07	7.148804313014323259e-08	4.302883854775930671e-09
2.375000000000000000e+00	7.104887877975492056e-04	4.584047477546218013e-07	8.173118227534315146e-08	4.873712895510961757e-09
2.399999999999999911e+00	7.439744856472977697e-04	4.781471460892451385e-07	9.635382657900178000e-08	4.606323597519649904e-09
2.424999999999999822e+00	7.775352098513142653e-04	4.823293776184614986e-07	1.082666106560195274e-07	5.953703246395015811e-09
2.450000000000000178e+00	8.112964537852224850e-04	4.972740310822194928e-07	1.147331719792504996e-07	3.524927392443202328e-09
2.475000000000000089e+00	8.451176032292130472e-04	5.314934705589265927e-07	1.313302376705349829e-07	6.650188143654276069e-09
2.500000000000000000e+00	8.789698611615584653e-04	5.146188367263861780e-07	1.341991117002061404e-07	4.244333807100814028e-09
2.525000000000000355e+00	9.130484502011306782e-04	5.218088670132576585e-07	1.444157485449009801e-07	6.442118960850693635e-09
2.549999999999999822e+00	9.470595251529715514e-04	5.292316146584444099e-07	1.528368545303790573e-07	6.490823725388968941e-09
2.575000000000000178e+00	9.812004274803629543e-04	5.386177678556229080e-07	1.714547206351731847e-07	4.673508523623735521e-09
2.600000000000000089e+00	1.015520083226907795e-03	5.023156303504865543e-07	1.892510154243109705e-07	4.421825646516011709e-09
2.625000000000000000e+00	1.049820091507122546e-03	5.146972965985192590e-07	1.921000127286033385e-07	2.615222856025316417e-09
2.650000000000000355e+00	1.084367715649755311e-03	5.282828659543758244e-07	2.041784361837775724e-07	6.551621829459093620e-09
2.674999999999999822e+00	1.118852930193457674e-03	5.561231472894642586e-07	2.158990785821337806e-07	5.607098222229926456e-09
2.700000000000000178e+00	1.153390537980706005e-03	5.127097375080034991e-07	2.298989188239238302e-07	6.933335932126263454e-09
2.725000000000000089e+00	1.187969752167239825e-03	5.307866020448857175e-07	2.372798095145788813e-07	2.747078026177940121e-09
2.750000000000000000e+00	1.222691314173552334e-03	4.865622570544892246e-07	2.525517601806110885e-07	5.166748635471347767e-09
2.775000000000000355e+00	1.257243657560548015e-03	5.102189855289660895e-07	2.532143176932371935e-07	2.735407828592217405e-09
2.799999999999999822e+00	1.292040823787784457e-03	5.144022473834109446e-07	2.689235563176026639e-07	5.477305292353794430e-09
2.825000000000000178e+00	1.326835678548395157e-03	4.906004299863136256e-07	2.824198528497968186e-07	3.325774735771103023e-09
2.850000000000000089e+00	1.361591430998565500e-03	4.648079462812166903e-07	2.905560591048456590e-07	5.155355279878473866e-09
2.875000000000000000e+00	1.396453896158014957e-03	5.085201179083240438e-07	3.024357153062321303e-07	2.015400414861569026e-09
2.900000000000000355e+00	1.431247498874202656e-03	5.289436118961906565e-07	3.177407938478956533e-07	6.760362974904232469e-09
2.924999999999999822e+00	1.466144539721946560e-03	5.007886527455869413e-07	3.296270756244083348e-07	3.490530685309642647e-09
2.950000000000000178e+00	1.501084246391182165e-03	4.659114749146387969e-07	3.472246031597582785e-07	4.263152163407119940e-09
2.975000000000000089e+00	1.536089926170395616e-03	4.758947058943330961e-07	3.495833079047072250e-07	3.406135291593595601e-09
3.000000000000000000e+00	1.571196347370102265e-03	4.868767021513098666e-07	3.590910082108921176e-07	4.072519578767694970e-09
3.025000000000000355e+00	1.606300264480963347e-03	4.718578836226412552e-07	3.762843756635401669e-07	4.497504132740619172e-09
3.049999999999999822e+00	1.641501263190156589e-03	4.811937053424241624e-07	3.849506279286899019e-07	3.789814493227172482e-09
3.075000000000000178e+00	1.676640911722626723e-03	4.511020265023613709e-07	4.003153366464896876e-07	2.012545028524005417e-09
3.100000000000000089e+00	1.711887658208813235e-03	4.540669556775769728e-07	4.168925256123954211e-07	3.906469098204923955e-09
3.125000000000000000e+00	1.747058222607418511e-03	4.939640289022153547e-07	4.210268844911824201e-07	4.303100642924364413e-09
3.150000000000000355e+00	1.782295819538207409e-03	4.912394707089220877e-07	4.334962168788061015e-07	5.548874667933917079e-09
3.174999999999999822e+00	1.817527156246880439e-03	4.887219682319667920e-07	4.440838859305715727e-07	3.966716943483856588e-09
3.200000000000000178e+00	1.852785363755093343e-03	4.992638606041530373e-07	4.557780260284227812e-07	5.192202449372034541e-09
3.225000000000000089e+00	1.888102032106745874e-03	4.816173654228365886e-07	4.652393473087238316e-07	3.436039485817594559e-09
3.250000000000000000e+00	1.923444993391280975e-03	4.265057149836033938e-07	4.813924994665487753e-07	5.900309944304397695e-09
3.275000000000000355e+00	1.958724004099136190e-03	4.645622297090363624e-07	4.854075979930630902e-07	4.243382163897112138e-09
3.299999999999999822e+00	1.994008022984682972e-03	4.710271627821203971e-07	4.995995799135147717e-07	3.889297252050035371e-09
3.325000000000000178e+00	2.029537635199347642e-03	4.179933384892938078e-07	5.187607431786623465e-07	4.271240611322490010e-09
3.350000000000000089e+00	2.064840723684567645e-03	4.098657118740238203e-07	5.219608959646466094e-07	1.391867605945637068e-09
3.375000000000000000e+00	2.100226254479482801e-03	4.433076342258940626e-07	5.316541123743667648e-07	4.448852921526037985e-09
3.400000000000000355e+00	2.135627002429693350e-03	4.606487320981280175e-07	5.490860005315601822e-07	3.358885611059653784e-09
3.424999999999999822e+00	2.171186567399398595e-03	4.474810038669093888e-07	5.711094122512527043e-07	3.381526992284183200e-09
3.450000000000000178e+00	2.206551198683562396e-03	4.201959004911831505e-07	5.759792099690547560e-07	4.510977950902474972e-09
3.475000000000000089e+00	2.242116349697616511e-03	4.793842638578163128e-07	5.948952269545305936e-07	7.403038862688448656e-09
3.500000000000000000e+00	2.277696140000308716e-03	4.468864901378520442e-07	6.126650194431632209e-07	5.420753069859150733e-09
3.524999999999999911e+00	2.313194065859961769e-03	4.657300586845157804e-07	6.222986056767472195e-07	4.885495762215098139e-09
3.550000000000000266e+00	2.348693051141819300e-03	4.482707293503339658e-07	6.203241842891212191e-07	2.670004019949400744e-09
3.575000000000000178e+00	2.384276116022232897e-03	3.942029299163161727e-07	6.492911987411355290e-07	7.276128956959268867e-09
3.600000000000000089e+00	2.419929391701441165e-03	3.919109459861195757e-07	6.559300250176493170e-07	3.952040321667896911e-09
3.625000000000000000e+00	2.455557819114409686e-03	4.439636958832830156e-07	6.740907264387313653e-07	3.313956770811670856e-09
3.649999999999999911e+00	2.491186342838487468e-03	3.774935282323189164e-07	6.757272434949178383e-07	6.322852334569159771e-09
3.675000000000000266e+00	2.526820548918023816e-03	4.191214051283671795e-07	6.941860957966818350e-07	3.217847512764896155e-09
3.700000000000000178e+00	2.562474402463888953e-03	4.255717554177789160e-07	7.072451043705427266e-07	6.899269630089090356e-09
3.725000000000000089e+00	2.598065461166387726e-03	4.149032237488073352e-07	7.118697558086730411e-07	4.947623548700280692e-09
3.750000000000000000e+00	2.633891807909291734e-03	4.583131751371301430e-07	7.346551086678856156e-07	3.548139309710847994e-09
3.774999999999999911e+00	2.669500491544821337e-03	3.993288044737825510e-07	7.410752909652327191e-07	7.089826683499724872e-09
3.800000000000000266e+00	2.705121117757924073e-03	4.386716877065329735e-07	7.456336866521005079e-07	5.049805427597049491e-09
3.825000000000000178e+00	2.740870511924371235e-03	3.911801595988868440e-07	7.578379960346737685e-07	3.835295299521164098e-09
3.850000000000000089e+00	2.776499228270668407e-03	4.672437118580985944e-07	7.735141067834078701e-07	2.055728160857634473e-09
3.875000000000000000e+00	2.812288687858650275e-03	4.178182343779832296e-07	7.851618678553751305e-07	3.717777226433635422e-09
3.900000000000000355e+00	2.848071020424532921e-03	4.395774352374548696e-07	7.972336657354232336e-07	4.761587929540700909e-09
3.925000000000000266e+00	2.883776496725067549e-03	4.330727483323864904e-07	8.066949870157242840e-07	4.998650652719702130e-09
3.950000000000000178e+00	2.919543419513437148e-03	4.420628935589984819e-07	8.269957492025889119e-07	3.853576548796248702e-09
3.975000000000000089e+00	2.955222313947760988e-03	4.145290568843741932e-07	8.276516811400885419e-07	4.281628943429855671e-09
4.000000000000000000e+00	2.991030361579868034e-03	4.249589347441043218e-07	8.463358029961453804e-07	4.208739822049236684e-09
