# Dati processati dal Bode Plotter (GUADAGNO)
# Colonna 1: Frequenza [Hz]
# Colonna 2: Ampiezza Media (su 10 acquisizioni)
# Colonna 3: Varianza campionaria della media (su 10 acquisizioni)
1.00000000e+01 7.38605118e+01 2.21959079e-02
1.02341140e+01 7.28799836e+01 4.93211776e-03
1.04737090e+01 7.20027939e+01 3.37015235e-03
1.07189132e+01 7.12381273e+01 5.31470202e-03
1.09698580e+01 7.04192730e+01 1.20911500e-03
1.12266777e+01 6.96565852e+01 3.63545445e-03
1.14895100e+01 6.86919793e+01 2.63270319e-03
1.17584955e+01 6.80308732e+01 4.72142307e-03
1.20337784e+01 6.70832672e+01 1.95519549e-03
1.23155060e+01 6.61961683e+01 6.26184651e-03
1.26038293e+01 6.53356681e+01 2.34148219e-03
1.28989026e+01 6.44251942e+01 2.04197681e-03
1.32008840e+01 6.36310388e+01 3.03864632e-03
1.35099352e+01 6.27271420e+01 1.78895478e-03
1.38262217e+01 6.17908510e+01 4.11188688e-03
1.41499130e+01 6.08999265e+01 6.27221234e-03
1.44811823e+01 5.99329417e+01 4.57068070e-04
1.48202071e+01 5.93572793e+01 3.42112921e-03
1.51671689e+01 5.82328191e+01 3.41827013e-03
1.55222536e+01 5.73103895e+01 3.00952371e-03
1.58856513e+01 5.64581220e+01 1.34464392e-03
1.62575567e+01 5.55455394e+01 2.50951701e-03
1.66381689e+01 5.47791539e+01 5.93169704e-03
1.70276917e+01 5.37897710e+01 1.50421211e-03
1.74263339e+01 5.29152004e+01 1.48378033e-03
1.78343088e+01 5.20451955e+01 8.57768772e-04
1.82518349e+01 5.11721430e+01 4.50512304e-03
1.86791360e+01 5.02488187e+01 2.29348149e-03
1.91164408e+01 4.93244195e+01 1.93724303e-03
1.95639834e+01 4.84952601e+01 1.82499415e-03
2.00220037e+01 4.76357779e+01 2.72186889e-03
2.04907469e+01 4.68095282e+01 9.92172630e-04
2.09704640e+01 4.59574600e+01 1.23858128e-03
2.14614120e+01 4.50725492e+01 1.21265071e-03
2.19638537e+01 4.43093630e+01 2.57951539e-03
2.24780583e+01 4.34881457e+01 1.01547264e-03
2.30043012e+01 4.26617528e+01 1.50619262e-03
2.35428641e+01 4.19349507e+01 3.33767054e-04
2.40940356e+01 4.11173562e+01 1.86798270e-03
2.46581108e+01 4.02795962e+01 2.13416710e-03
2.52353917e+01 3.95730868e+01 6.64263017e-04
2.58261876e+01 3.87607612e+01 6.92087750e-04
2.64308149e+01 3.79861307e+01 8.22928431e-04
2.70495973e+01 3.72942591e+01 1.68290773e-03
2.76828663e+01 3.65359552e+01 1.38269121e-03
2.83309610e+01 3.57657490e+01 1.14394910e-03
2.89942285e+01 3.50826228e+01 6.33021792e-04
2.96730241e+01 3.43452884e+01 4.44769674e-04
3.03677112e+01 3.36440938e+01 7.53170472e-04
3.10786619e+01 3.29524540e+01 1.40441966e-03
3.18062569e+01 3.22968855e+01 1.33848734e-03
3.25508860e+01 3.16853809e+01 1.72326662e-03
3.33129479e+01 3.09868116e+01 6.70824907e-04
3.40928507e+01 3.03860395e+01 2.74172777e-04
3.48910121e+01 2.97077412e+01 1.05622045e-03
3.57078596e+01 2.91113536e+01 8.60838301e-04
3.65438307e+01 2.84831906e+01 8.44528069e-04
3.73993730e+01 2.78549697e+01 4.96411679e-04
3.82749448e+01 2.72900305e+01 1.08920195e-03
3.91710149e+01 2.66933677e+01 1.13258210e-03
4.00880633e+01 2.61603096e+01 9.36151520e-04
4.10265811e+01 2.55820626e+01 7.28214881e-04
4.19870708e+01 2.50504688e+01 1.06323488e-03
4.29700470e+01 2.45186674e+01 6.47065078e-04
4.39760361e+01 2.39693763e+01 6.27018832e-04
4.50055768e+01 2.34742640e+01 3.44917085e-04
4.60592204e+01 2.29641609e+01 2.42276549e-04
4.71375313e+01 2.24287103e+01 5.89593089e-04
4.82410870e+01 2.19799499e+01 6.69441512e-04
4.93704785e+01 2.14864567e+01 3.17261480e-04
5.05263107e+01 2.10251976e+01 2.86534400e-04
5.17092024e+01 2.05631430e+01 2.48295200e-04
5.29197874e+01 2.00969362e+01 3.70929111e-04
5.41587138e+01 1.96682142e+01 3.67437772e-04
5.54266452e+01 1.92083376e+01 2.98402182e-04
5.67242607e+01 1.88020258e+01 1.80965930e-04
5.80522552e+01 1.84204368e+01 4.36650548e-04
5.94113398e+01 1.79859051e+01 1.09162541e-04
6.08022426e+01 1.75946903e+01 2.17004632e-04
6.22257084e+01 1.71771322e+01 2.20702616e-04
6.36824994e+01 1.68131606e+01 2.47027970e-04
6.51733960e+01 1.64487063e+01 1.64853204e-04
6.66991966e+01 1.60705162e+01 2.58507805e-04
6.82607183e+01 1.57091473e+01 1.86710354e-04
6.98587975e+01 1.53622535e+01 2.23292800e-04
7.14942899e+01 1.50623407e+01 2.70932062e-04
7.31680714e+01 1.47150774e+01 1.61440735e-04
7.48810386e+01 1.43530203e+01 2.24096088e-04
7.66341087e+01 1.40237613e+01 2.47857824e-04
7.84282206e+01 1.37273717e+01 1.65404421e-04
8.02643352e+01 1.34079465e+01 5.95109273e-05
8.21434358e+01 1.31198011e+01 7.33295249e-05
8.40665289e+01 1.28118146e+01 1.70852373e-04
8.60346442e+01 1.25236208e+01 1.51272064e-04
8.80488358e+01 1.22396092e+01 1.01552780e-04
9.01101825e+01 1.19863585e+01 7.88468128e-05
9.22197882e+01 1.17022200e+01 8.54010255e-05
9.43787828e+01 1.14556915e+01 8.09093498e-05
9.65883224e+01 1.11600701e+01 6.42511918e-05
9.88495905e+01 1.09338675e+01 1.30315356e-04
1.01163798e+02 1.06875152e+01 1.42199174e-04
1.03532184e+02 1.04482136e+01 1.20771569e-04
1.05956018e+02 1.01948058e+01 9.73026399e-05
1.08436597e+02 9.98284246e+00 1.20062098e-04
1.10975250e+02 9.74238620e+00 6.67595769e-05
1.13573336e+02 9.53262565e+00 7.39326101e-05
1.16232247e+02 9.32796485e+00 1.27119748e-04
1.18953407e+02 9.10965357e+00 8.49633453e-05
1.21738273e+02 8.89970878e+00 9.65139055e-05
1.24588336e+02 8.72285664e+00 5.81681468e-05
1.27505124e+02 8.48187499e+00 1.00655730e-04
1.30490198e+02 8.31159463e+00 6.81913791e-05
1.33545156e+02 8.11497041e+00 8.60895160e-05
1.36671636e+02 7.93581885e+00 4.72899340e-05
1.39871310e+02 7.75275670e+00 4.12360564e-05
1.43145894e+02 7.56187484e+00 7.62702204e-05
1.46497140e+02 7.41197634e+00 6.18426842e-05
1.49926843e+02 7.24654206e+00 7.68529442e-05
1.53436841e+02 7.07574930e+00 2.88164639e-05
1.57029012e+02 6.89778928e+00 3.50809435e-05
1.60705282e+02 6.76745703e+00 5.68160361e-05
1.64467618e+02 6.60509219e+00 1.92553352e-05
1.68318035e+02 6.46229107e+00 2.58290957e-05
1.72258597e+02 6.30521508e+00 5.10545942e-05
1.76291412e+02 6.16628071e+00 2.80518056e-05
1.80418641e+02 6.03077260e+00 4.92989104e-05
1.84642494e+02 5.89125449e+00 4.86869435e-05
1.88965234e+02 5.75286537e+00 1.53326962e-05
1.93389175e+02 5.61742159e+00 4.63392754e-05
1.97916687e+02 5.49919332e+00 6.08581708e-06
2.02550194e+02 5.35711468e+00 3.06062852e-05
2.07292178e+02 5.24607039e+00 1.21483753e-05
2.12145178e+02 5.12534556e+00 1.78027969e-05
2.17111795e+02 5.00773197e+00 1.07624019e-05
2.22194686e+02 4.89219791e+00 3.69883061e-05
2.27396575e+02 4.77595786e+00 3.42972125e-05
2.32720248e+02 4.67921142e+00 2.65381891e-05
2.38168555e+02 4.57174454e+00 2.38486923e-05
2.43744415e+02 4.46273263e+00 8.53087858e-06
2.49450814e+02 4.36319667e+00 3.03209829e-05
2.55290807e+02 4.25885690e+00 1.48451136e-05
2.61267523e+02 4.16790685e+00 6.13732802e-06
2.67384162e+02 4.07745079e+00 2.13050787e-05
2.73644000e+02 3.97879762e+00 8.78868723e-06
2.80050389e+02 3.89713654e+00 1.62226918e-05
2.86606762e+02 3.79328700e+00 1.83621159e-05
2.93316628e+02 3.71114912e+00 1.81544521e-05
3.00183581e+02 3.62593227e+00 7.41155887e-06
3.07211300e+02 3.53977849e+00 1.65778479e-05
3.14403547e+02 3.46330838e+00 9.47989185e-06
3.21764175e+02 3.37521240e+00 1.24716718e-05
3.29297126e+02 3.31125365e+00 4.64811389e-06
3.37006433e+02 3.22611178e+00 1.76422266e-05
3.44896226e+02 3.15436572e+00 1.45708082e-05
3.52970730e+02 3.07787800e+00 1.05898473e-05
3.61234270e+02 3.00826785e+00 1.41646776e-05
3.69691271e+02 2.94164513e+00 1.57499221e-05
3.78346262e+02 2.86977277e+00 7.55211610e-06
3.87203878e+02 2.80420746e+00 7.12852125e-06
3.96268864e+02 2.74558012e+00 6.51739584e-06
4.05546074e+02 2.68254165e+00 4.13638929e-06
4.15040476e+02 2.62588530e+00 9.62674881e-06
4.24757155e+02 2.55907855e+00 3.70490342e-06
4.34701316e+02 2.50054643e+00 3.82879598e-06
4.44878283e+02 2.45345358e+00 5.11810747e-06
4.55293507e+02 2.39293860e+00 6.56099128e-06
4.65952567e+02 2.33898784e+00 2.91085718e-06
4.76861170e+02 2.28753848e+00 6.08447516e-06
4.88025158e+02 2.23335460e+00 3.74809368e-06
4.99450512e+02 2.18516477e+00 1.89272290e-06
5.11143348e+02 2.13258277e+00 3.48615271e-06
5.23109931e+02 2.08235889e+00 2.99878616e-06
5.35356668e+02 2.03553836e+00 1.23723693e-05
5.47890118e+02 1.98884607e+00 7.54045818e-06
5.60716994e+02 1.94414051e+00 9.99319070e-06
5.73844165e+02 1.90247892e+00 8.04778935e-06
5.87278661e+02 1.85627136e+00 6.56539252e-06
6.01027678e+02 1.81454208e+00 6.45968223e-06
6.15098579e+02 1.77418294e+00 2.82593431e-06
6.29498899e+02 1.73346046e+00 9.16973166e-06
6.44236351e+02 1.69435034e+00 5.66508012e-06
6.59318827e+02 1.65870955e+00 1.92882148e-06
6.74754405e+02 1.61626532e+00 1.42192215e-06
6.90551352e+02 1.58215931e+00 1.47030506e-06
7.06718127e+02 1.54329991e+00 7.14985699e-06
7.23263390e+02 1.50673534e+00 4.26065081e-06
7.40196000e+02 1.47445925e+00 2.68987734e-06
7.57525026e+02 1.43977802e+00 2.63282372e-06
7.75259749e+02 1.40608094e+00 1.75684203e-06
7.93409667e+02 1.37186565e+00 9.95414040e-07
8.11984499e+02 1.34703891e+00 1.56050132e-06
8.30994195e+02 1.31414390e+00 7.04263401e-06
8.50448934e+02 1.28016966e+00 2.60649876e-06
8.70359136e+02 1.25147552e+00 8.48199736e-07
8.90735464e+02 1.22409459e+00 3.33673449e-06
9.11588830e+02 1.19570930e+00 1.69490271e-06
9.32930403e+02 1.17026578e+00 2.11150435e-06
9.54771611e+02 1.14306537e+00 2.84649300e-06
9.77124154e+02 1.11670247e+00 1.70745944e-06
1.00000000e+03 1.09209477e+00 3.14987779e-06
