# #Freq[Hz], #Gain_mean[a.u.], #Gain_std[a.u.], #Phase_mean[rad], #Phase_std[rad]
1.000000000000000000e+00,9.865543693506387513e+01,4.272927073772589401e-01,3.050635055452012523e+00,6.342991682460008725e-03
1.018628990244687449e+00,9.933642394380152041e+01,3.044351630421229804e-01,3.048504472416783351e+00,2.415802830445983995e-03
1.037605019766911774e+00,9.923502572977164959e+01,3.002838177954200161e-01,3.043878422559247898e+00,1.414871461115464876e-03
1.056934553557988377e+00,9.920466660444803608e+01,2.320721924534555614e-01,3.044301787744389642e+00,2.481887821837697617e-03
1.076624177045493180e+00,9.932623999772997081e+01,1.888085281896105250e-01,3.041932735142955035e+00,2.449007765611235874e-03
1.096680598336868373e+00,9.914848785635599882e+01,1.536194122693411435e-01,3.040784431376985175e+00,3.993077271662567700e-03
1.117110650504824054e+00,9.931009278813570518e+01,3.520966244146263580e-01,3.039822734313120112e+00,3.866721389226686085e-03
1.137921293915314935e+00,9.915506363251621735e+01,2.421302522635963017e-01,3.036146438624927946e+00,2.055063883161054906e-03
1.159119618598885459e+00,9.928324199408916684e+01,3.063926028613574437e-01,3.033075145182185572e+00,3.545616020507911473e-03
1.180712846666190030e+00,9.927749166139560089e+01,1.994579424287971914e-01,3.031542420224802470e+00,3.037078847696659308e-03
1.202708334768511689e+00,9.911758840896108325e+01,2.396320855954569840e-01,3.031369728308808131e+00,2.203379690611329510e-03
1.225113576604118792e+00,9.902709835520192883e+01,3.060948917727150942e-01,3.030115843894247263e+00,2.789238571576672151e-03
1.247936205471311011e+00,9.923229712559050597e+01,3.528443191493380038e-01,3.025942240127418525e+00,3.490031438256092217e-03
1.271183996869028610e+00,9.913829509281057994e+01,2.126996995788800748e-01,3.024806202770728536e+00,1.753631429943057572e-03
1.294864871145904539e+00,9.915084062181236391e+01,2.991155647694024311e-01,3.021730677358979822e+00,3.806256195567962481e-03
1.318986896198670156e+00,9.899064650321103898e+01,2.473256691307821331e-01,3.021819377272568552e+00,2.517170186922369508e-03
1.343558290220825846e+00,9.903340296500779516e+01,2.233714032083605472e-01,3.016895067224949933e+00,3.366075697474877823e-03
1.368587424502518690e+00,9.914617727842318118e+01,2.212389513050809497e-01,3.016258272248717898e+00,2.917233294037824016e-03
1.394082826282577958e+00,9.887128008526008216e+01,3.349927460408236302e-01,3.011428787093629378e+00,3.842908817280187017e-03
1.420053181653682550e+00,9.894239333559119132e+01,2.406182073755539774e-01,3.010599691188748928e+00,3.067422225755336070e-03
1.446507338521646702e+00,9.896732942259437493e+01,1.679515589612272097e-01,3.008007515511118335e+00,2.994940064386381398e-03
1.473454309619835145e+00,9.882628583368978070e+01,2.813819739192167102e-01,3.005245664295733921e+00,3.201884309952075184e-03
1.500903275579736018e+00,9.887854249795627481e+01,2.151270424394015057e-01,3.003759562153593521e+00,2.023519596294798360e-03
1.528863588058730461e+00,9.887480515561843220e+01,3.250111665772286718e-01,3.000159507771051004e+00,3.021837458523344601e-03
1.557344772926134269e+00,9.864457815087713755e+01,2.817532586008763551e-01,2.999486392368107879e+00,3.565067047746162815e-03
1.586356533508590516e+00,9.865615883239019013e+01,2.338221424462846032e-01,2.994780481354842649e+00,2.866306646955498177e-03
1.615908753895918260e+00,9.861398240256006886e+01,2.450857113422943712e-01,2.991096349028428580e+00,3.750748835107730293e-03
1.646011502308550645e+00,9.874935331516215342e+01,1.738922109001931338e-01,2.989894712125363174e+00,3.200721061815574048e-03
1.676675034527699948e+00,9.852718179603466808e+01,2.394007681373184759e-01,2.987515248138937096e+00,3.284262014562419011e-03
1.707909797389427498e+00,9.850485524032150408e+01,2.886554432970017126e-01,2.984790929945182025e+00,3.356954222402326257e-03
1.739726432343801532e+00,9.852374137154411926e+01,1.691172363196043194e-01,2.980917352721734748e+00,2.636979186933514907e-03
1.772135779080359130e+00,9.839448255205212490e+01,3.061313919807689965e-01,2.977385736136032524e+00,1.977594871497380391e-03
1.805148879221109004e+00,9.839247938786289183e+01,2.251171972720708570e-01,2.975597576470869310e+00,2.623228163726866718e-03
1.838776980082327484e+00,9.842499979596715320e+01,3.628135671643482607e-01,2.974718420403655639e+00,2.826885026009713382e-03
1.873031538506437332e+00,9.826115181529146980e+01,2.098762074505485797e-01,2.968333507663886373e+00,2.246281233201106575e-03
1.907924224765265686e+00,9.834197732470634890e+01,2.695259908548693351e-01,2.965995792825611765e+00,2.935848650858483011e-03
1.943466926536020711e+00,9.824975991120622609e+01,2.379945324923316563e-01,2.962376088201262192e+00,2.859221882005538382e-03
1.979671752951333019e+00,9.818289467104006008e+01,2.435986717501077981e-01,2.959453880473856824e+00,2.885699438669897966e-03
2.016551038724747169e+00,9.802957971715950691e+01,2.325525495364074158e-01,2.956776269261967904e+00,2.614922771148910346e-03
2.054117348353064809e+00,9.803132848456296244e+01,3.036314504621903110e-01,2.953118244692485295e+00,1.516444322349385721e-03
2.092383480396977635e+00,9.801388059242412965e+01,2.675859895704408298e-01,2.949425057096559666e+00,3.362662688880308035e-03
2.131362471841438122e+00,9.802408359018225781e+01,2.991598119828450808e-01,2.945117013844718024e+00,3.212769571742760209e-03
2.171067602537265273e+00,9.777299642807105329e+01,2.912571997502410581e-01,2.943068654407344553e+00,2.397765301117161640e-03
2.211512399725489075e+00,9.772969855759575353e+01,3.223916937985253361e-01,2.939209342259272884e+00,2.933065664502571782e-03
2.252710642645980865e+00,9.769693019792293853e+01,2.820066399913475075e-01,2.935561591960772709e+00,2.246863751695435049e-03
2.294676367231936354e+00,9.763559002244255680e+01,2.936579286133302324e-01,2.930483847670440234e+00,2.197471956475533211e-03
2.337423870891815358e+00,9.748013296289913399e+01,2.041939521797383472e-01,2.929364295726992307e+00,4.411946330021688720e-03
2.380967717380358728e+00,9.741513350383712577e+01,1.660318042016672435e-01,2.923251499336161796e+00,3.347356641787379433e-03
2.425322741760353118e+00,9.719727808725204454e+01,2.846456842833576251e-01,2.920529150801340457e+00,3.240747742277552777e-03
2.470504055456825387e+00,9.721735956375724186e+01,1.921258998291662523e-01,2.916783627293738412e+00,3.231006317315812757e-03
2.516527051405391457e+00,9.725517454306364584e+01,3.551119033756711119e-01,2.911899023392507502e+00,3.920336786935414361e-03
2.563407409296515116e+00,9.711591767017580423e+01,3.304762042829850199e-01,2.906903432570105750e+00,3.675281497975870035e-03
2.611161100917459343e+00,9.718760477549753318e+01,2.950874557225207639e-01,2.902135493942490818e+00,3.677857575526551417e-03
2.659804395593758475e+00,9.685466106382985174e+01,2.455119668210815065e-01,2.900208777261400694e+00,3.271752012364927392e-03
2.709353865732051503e+00,9.672542266182492199e+01,1.309327309125891403e-01,2.892752731812476608e+00,3.160667974974869752e-03
2.759826392466179890e+00,9.667997741234556486e+01,2.328938049384019215e-01,2.891558896337000029e+00,3.684406597006026959e-03
2.811239171408463910e+00,9.657189625519325205e+01,2.560417914938248329e-01,2.886127911109178878e+00,2.901392073709617436e-03
2.863609718508115520e+00,9.648824526322108852e+01,1.968235298279594758e-01,2.881164233587875323e+00,2.859499928359402095e-03
2.916955876018795468e+00,9.632549611135623024e+01,2.498115276120718986e-01,2.875901157725031965e+00,3.890994288292390878e-03
2.971295818577333936e+00,9.632382003212913446e+01,2.639564778509365106e-01,2.873060186149317019e+00,2.355203951312031477e-03
3.026648059395691703e+00,9.630436935189122494e+01,2.000765326781840103e-01,2.867440018294391990e+00,2.652140862914352266e-03
3.083031456568276152e+00,9.600113639125387976e+01,2.387256589057623613e-01,2.861103524348940219e+00,3.388969581389093474e-03
3.140465219496751281e+00,9.585199612133060043e+01,2.127923033259380980e-01,2.859075335567129450e+00,2.840809555690169356e-03
3.198968915434536875e+00,9.568610459068047192e+01,1.366688059941355005e-01,2.854854433877036080e+00,4.123930148135829601e-03
3.258562476153225695e+00,9.547387440704207506e+01,2.671611293002903453e-01,2.848716181063852382e+00,2.520628678648054871e-03
3.319266204733188896e+00,9.528118911998217300e+01,2.901405416055287678e-01,2.842786250511507351e+00,2.246304904430186742e-03
3.381100782480684686e+00,9.526301363732079608e+01,1.811084547771846798e-01,2.836470817879130912e+00,2.985403860011205234e-03
3.444087275973822582e+00,9.510641767243185996e+01,1.840408500336064013e-01,2.830638964705302296e+00,3.511697480823821552e-03
3.508247144239791560e+00,9.484013457353299259e+01,1.885602749931545030e-01,2.828105401159248800e+00,3.494198370091505627e-03
3.573602246065787469e+00,9.474617779971219989e+01,2.902064463341278433e-01,2.820868176249020198e+00,2.812392518348284798e-03
3.640174847446140394e+00,9.451795975544193595e+01,2.596173058051221005e-01,2.817137879261514488e+00,3.561019626467800282e-03
3.707987629168170596e+00,9.452841894455386296e+01,1.839868562949619202e-01,2.810758359358074276e+00,2.642993234960713377e-03
3.777063694539366523e+00,9.420712566280325007e+01,1.771452346398562361e-01,2.803249142849067344e+00,3.408028106320405617e-03
3.847426577258503677e+00,9.395105066576518027e+01,2.736830808040529028e-01,2.799560324384541055e+00,3.316541899936734615e-03
3.919100249433403960e+00,9.377332308891507751e+01,3.301472933304255841e-01,2.793343684463229337e+00,2.174216552379792163e-03
3.992109129748051544e+00,9.350899216241647594e+01,3.049605984580434082e-01,2.786018198755233044e+00,2.685498245707983612e-03
4.066478091781855930e+00,9.346596813927922653e+01,2.305986647129307787e-01,2.781222743818408283e+00,2.878261796424284175e-03
4.142232472483895478e+00,9.327798686744178269e+01,3.913147192439339617e-01,2.774152221296476650e+00,2.417601134988885646e-03
4.219398080805025764e+00,9.293333104487867047e+01,1.784575720085524175e-01,2.769976856199273474e+00,2.455551594064576005e-03
4.298001206490796200e+00,9.268106851144180780e+01,1.984989500236796489e-01,2.761904807417836061e+00,3.083052163154157473e-03
4.378068629038168957e+00,9.238815853122216026e+01,3.459662209445635295e-01,2.756955983720200898e+00,2.363899114463015923e-03
4.459627626819092860e+00,9.235317935309726067e+01,1.587484563553750450e-01,2.748224866784565013e+00,2.386830708935750323e-03
4.542705986374045324e+00,9.204803724465919856e+01,2.418404894241027170e-01,2.742354449871660549e+00,4.178633497156633743e-03
4.627332011878690921e+00,9.157963298433897137e+01,2.201074879564792197e-01,2.734825417559049399e+00,2.187737977774715289e-03
4.713534534786908203e+00,9.166345186402337220e+01,2.776080693264591503e-01,2.730335058097125955e+00,2.401124394349167610e-03
4.801342923653451500e+00,9.130626013072073022e+01,2.925330312891655238e-01,2.724252281210950422e+00,2.537351583889866768e-03
4.890787094139590785e+00,9.095218133034720154e+01,3.553010051603956443e-01,2.717396526478711660e+00,3.025848758096373256e-03
4.981897519205161551e+00,9.065828717720776808e+01,3.304320801036682020e-01,2.708981531507976825e+00,2.390639161101116347e-03
5.074705239490467257e+00,9.045021543434850742e+01,3.136866159881561145e-01,2.699626258569479464e+00,3.008861457092426670e-03
5.169241873891599504e+00,9.005057716254786726e+01,1.421465170213714324e-01,2.694028240142144703e+00,1.926598122687951664e-03
5.265539630332757071e+00,8.963759057632974248e+01,1.986555245369384659e-01,2.687141895133687619e+00,4.040954430045529816e-03
5.363631316739241761e+00,8.934426552759815365e+01,2.623698835304938415e-01,2.681787150827050326e+00,2.843732558997793224e-03
5.463550352214877392e+00,8.929763941470289978e+01,2.424555500194131574e-01,2.672493178738802655e+00,2.346940558585466127e-03
5.565330778427647118e+00,8.870880222413173044e+01,2.503839737248008124e-01,2.663039998698676136e+00,2.152484073686558239e-03
5.669007271207435750e+00,8.830571065972142719e+01,3.221624173364993071e-01,2.657923119204274265e+00,2.530237053395496642e-03
5.774615152359821479e+00,8.789611210572044797e+01,2.176452387164028723e-01,2.648763451578246553e+00,2.170906779083893977e-03
5.882190401699955551e+00,8.758479717801188258e+01,2.670246915102096885e-01,2.641575662938330460e+00,2.858759681423077466e-03
5.991769669310619051e+00,8.727126442780991056e+01,2.446643141951268252e-01,2.633990790657613879e+00,3.318986838329712839e-03
6.103390288028621491e+00,8.677411283918624463e+01,2.938943570706043507e-01,2.626416660634124156e+00,2.721861493892478029e-03
6.217090286163826640e+00,8.633013336653998238e+01,3.069562987282350996e-01,2.617655941279497966e+00,2.827201903004858061e-03
6.332908400455115050e+00,8.623191074786615218e+01,1.990905270507436209e-01,2.611843334028020713e+00,2.710628302280999793e-03
6.450884089267693078e+00,8.572421632977916772e+01,2.277332996441363000e-01,2.602855556633221656e+00,1.998154625895873140e-03
6.571057546036271013e+00,8.524228928131324778e+01,2.047473961568500589e-01,2.593795716620566516e+00,2.008890109803699708e-03
6.693469712958660445e+00,8.487057359502414045e+01,1.846671522816579758e-01,2.587034130934942944e+00,2.975184716364834715e-03
6.818162294944479562e+00,8.443275469946945577e+01,1.745647270840122445e-01,2.578538268581073822e+00,1.608683647982499547e-03
6.945177773823695944e+00,8.393220501823022062e+01,2.818388837414654291e-01,2.569465576411738006e+00,1.201053200567583261e-03
7.074559422819878485e+00,8.330990114259331847e+01,2.582853115184312598e-01,2.563020155139115630e+00,3.587710271913009501e-03
7.206351321293052337e+00,8.303053652237356630e+01,1.890196413514594609e-01,2.551548400071448341e+00,2.324556913105897508e-03
7.340598369757211472e+00,8.255284515943353085e+01,1.687169543973860153e-01,2.544064416595870792e+00,2.671647333067839018e-03
7.477346305177586139e+00,8.214120511150395032e+01,2.913863041513480301e-01,2.536945663954288666e+00,4.607645666199019184e-03
7.616641716552890351e+00,8.157568925365649193e+01,2.465649667413973012e-01,2.527464586692571569e+00,3.370513393749123912e-03
7.758532060787834084e+00,8.090063451896244828e+01,2.987114511288863072e-01,2.519077261572051363e+00,2.679581152498351510e-03
7.903065678861345589e+00,8.044795845966363856e+01,3.908614339099176216e-01,2.509417657882223374e+00,2.060817085368559388e-03
8.050291812295979454e+00,8.007807488543913621e+01,1.948737172121609296e-01,2.501178413215978669e+00,3.026313573891208086e-03
8.200260619934129025e+00,7.948546112198431501e+01,1.982788255935680199e-01,2.492255611146457994e+00,2.733913810218691759e-03
8.353023195026777259e+00,7.882350678221806106e+01,1.930492134457590381e-01,2.482352011836848060e+00,1.696382419385029060e-03
8.508631582640578728e+00,7.841470762203796596e+01,1.255974372964173413e-01,2.472790508570213319e+00,3.446703531335840957e-03
8.667138797389231542e+00,7.779928808707298060e+01,2.205495266949117072e-01,2.464822574754736095e+00,2.364064177774613962e-03
8.828598841495148619e+00,7.718533584276644888e+01,2.291286704634489246e-01,2.453825628885232923e+00,2.618840315118567408e-03
8.993066723187620681e+00,7.662692643892216893e+01,1.040857423628401973e-01,2.447555214637290089e+00,3.421497034100421612e-03
9.160598475443707756e+00,7.606253861008627837e+01,2.646758187621732761e-01,2.436504120257106276e+00,3.524387880305462992e-03
9.331251175078246973e+00,7.552046586088229674e+01,1.498856423556631789e-01,2.429641281118017027e+00,2.762353911790971662e-03
9.505082962189506546e+00,7.510516232367260159e+01,2.369605943673910864e-01,2.419193249197471030e+00,3.507832865296816195e-03
9.682153059967081532e+00,7.445042935612039514e+01,1.868620501638317000e-01,2.408746338669581544e+00,2.975088620425414467e-03
9.862521794868779779e+00,7.366318391290823797e+01,1.858919442507993569e-01,2.399214746888431282e+00,2.837174688512631923e-03
1.004625061717340806e+01,7.313629794464459621e+01,1.941249759218422744e-01,2.390850378916899555e+00,2.091982926287093512e-03
1.023340212191641818e+01,7.229295602230467921e+01,2.133527133475520143e-01,2.381178762329404730e+00,2.404568234415234342e-03
1.042404007021556289e+01,7.189676563016965360e+01,2.928688041975653356e-01,2.370939435000853912e+00,2.070099832936405336e-03
1.061822941099384110e+01,7.119345667278103917e+01,2.315413002585600122e-01,2.366126907302395832e+00,4.198104725840245792e-03
1.081603630310709896e+01,7.043337974539683444e+01,1.549519700655615229e-01,2.354940098921665115e+00,3.225985538349593427e-03
1.101752813788386831e+01,6.989929519590302220e+01,2.358395673705258044e-01,2.346043522117065461e+00,2.343453064057080936e-03
1.122277356208507726e+01,6.913914234657519842e+01,2.389909267596264375e-01,2.335080956941786301e+00,3.403425921466972023e-03
1.143184250129149682e+01,6.856128140461143516e+01,1.623675356723382757e-01,2.325409116549132627e+00,2.890133420425800102e-03
1.164480618372686038e+01,6.783090038531631194e+01,2.187395861348373216e-01,2.318371309188673290e+00,3.601183415390030521e-03
1.186173716452478644e+01,6.712559333035784448e+01,2.061111335315917170e-01,2.310512159880297123e+00,3.987841508023893568e-03
1.208270935044776628e+01,6.649820299025820702e+01,1.882555037765071826e-01,2.301167610161703792e+00,4.620231801557748812e-03
1.230779802506665099e+01,6.588388750809701833e+01,2.125534759391130291e-01,2.289879083260068171e+00,2.446389892413143585e-03
1.253707987440920313e+01,6.508855406521215059e+01,1.991459385370472068e-01,2.278980201194969801e+00,1.487852515043145731e-03
1.277063301308644050e+01,6.432341274790843499e+01,1.872372921813102165e-01,2.272461380372509776e+00,2.062054495945847988e-03
1.300853701090571235e+01,6.368827764145751047e+01,1.065339326729026620e-01,2.262939802795714161e+00,1.940971002456476097e-03
1.325087291997953187e+01,6.302911133582652070e+01,2.208303056934070308e-01,2.255622325839801157e+00,3.928610236258949819e-03
1.349772330233941808e+01,6.228932479643375331e+01,1.965019199155487173e-01,2.244222288160321988e+00,3.121822485989259044e-03
1.374917225806419019e+01,6.159663881847510680e+01,1.456803874433227619e-01,2.236759181133173513e+00,2.538640938213707673e-03
1.400530545393219661e+01,6.092627856773768968e+01,2.067294206127380796e-01,2.228500896423291522e+00,3.054293558093855443e-03
1.426621015260736947e+01,6.015020864061723671e+01,1.925100727005185919e-01,2.219312758546532649e+00,3.280840479929724579e-03
1.453197524236895433e+01,5.946089964521415538e+01,1.038310127043804709e-01,2.209334041438353768e+00,3.825200560499704330e-03
1.480269126739508678e+01,5.877151083341991722e+01,1.523771768275052618e-01,2.202658411654908832e+00,2.616244427949385772e-03
1.507845045861050970e+01,5.812079869344152172e+01,9.577639130996971895e-02,2.195088545173743633e+00,2.673644284737499398e-03
1.535934676510897035e+01,5.726386473065114302e+01,1.669565351273447351e-01,2.185102845351014178e+00,2.729604955465117673e-03
1.564547588616095730e+01,5.660108543377113932e+01,1.607031726801371463e-01,2.174127899113098117e+00,3.301005436931103796e-03
1.593693530381774437e+01,5.591916115928965780e+01,1.649267874810953216e-01,2.165759805640955271e+00,3.062004533947329608e-03
1.623382431612278154e+01,5.520721443649696170e+01,1.955626964324536643e-01,2.159135000698073181e+00,2.038233524005494783e-03
1.653624407094180526e+01,5.450945912173621366e+01,1.688716854446230542e-01,2.149931531210070634e+00,3.060809461497334110e-03
1.684429760042315039e+01,5.385912392460662801e+01,2.317393581313235695e-01,2.140260000996638823e+00,3.620218259950055105e-03
1.715808985610004811e+01,5.318350023426300055e+01,1.913040406036413954e-01,2.132774853440893459e+00,3.185292186696064148e-03
1.747772774464680978e+01,5.246483659234795738e+01,2.170423240333524129e-01,2.124133388901622954e+00,2.405672999775230244e-03
1.780332016430113740e+01,5.171874790925403431e+01,1.988553507776386065e-01,2.115946718663919146e+00,3.496997622455177632e-03
1.813497804196495267e+01,5.106460642377104620e+01,1.441942511122052406e-01,2.106866761849560898e+00,2.823722808507618792e-03
1.847281437099634260e+01,5.041675643068981572e+01,1.224737770492316941e-01,2.100106176358543575e+00,3.385079789403166572e-03
1.881694424970555701e+01,4.968743034979144113e+01,2.198973109232389700e-01,2.091196685382175069e+00,3.796516233396977306e-03
1.916748492056814968e+01,4.909278603692369813e+01,1.489250823926202838e-01,2.083666903149421934e+00,2.901894578495227330e-03
1.952455581016861075e+01,4.836080852134894315e+01,1.157763466252852841e-01,2.075798064936564824e+00,3.588259533132684160e-03
1.988827856988809728e+01,4.769154392796013298e+01,1.261087143198487692e-01,2.068678598809055025e+00,3.286179328701703626e-03
2.025877711735017073e+01,4.701553541976748818e+01,1.337992100411033447e-01,2.059792875994852501e+00,4.546572540260433205e-03
2.063617767863858532e+01,4.629908311989920833e+01,8.636023775267009928e-02,2.051900425562099617e+00,3.557274168927688704e-03
2.102060883130158331e+01,4.571437182424787693e+01,1.204226152657336540e-01,2.043402836233460196e+00,3.360964733221315833e-03
2.141220154815729515e+01,4.498604797781599274e+01,1.405224383981055480e-01,2.035397667298252777e+00,3.878710397488199530e-03
2.181108924191518739e+01,4.431851673450919549e+01,1.285266376867353066e-01,2.029027809717674824e+00,2.810326689157122571e-03
2.221740781062883485e+01,4.373502664725906186e+01,1.670511940892160374e-01,2.022099460477609689e+00,2.521843394716116737e-03
2.263129568399528324e+01,4.305313762297139135e+01,9.971291909554191868e-02,2.014568924406928918e+00,2.703607300164211861e-03
2.305289387051707095e+01,4.241434625691960036e+01,1.340401337691306261e-01,2.008201776726930454e+00,1.801726904126763713e-03
2.348234600554275175e+01,4.176587689267093850e+01,9.573216541307107141e-02,2.001002686912423112e+00,4.017915690055762039e-03
2.391979840020238512e+01,4.106002782923861361e+01,1.648384658222737942e-01,1.993663662186134999e+00,3.455442182584863003e-03
2.436540009125464934e+01,4.051120893293274605e+01,1.015001308310570644e-01,1.985127076583484751e+00,2.328125175796575113e-03
2.481930289186253802e+01,3.987761455290031165e+01,1.627096088389588247e-01,1.980075573688004908e+00,2.492904648470590373e-03
2.528166144331499154e+01,3.917038983689052145e+01,6.991318707302482394e-02,1.972754838458774529e+00,4.425756854413757935e-03
2.575263326771199957e+01,3.864836316816327155e+01,1.135907296063980165e-01,1.966073231571108026e+00,3.233544270584924347e-03
2.623237882163122237e+01,3.797530599872898449e+01,1.053867010330024195e-01,1.961951795760426887e+00,3.846875890306631404e-03
2.672106155079433876e+01,3.739632705362390652e+01,1.392916911973783867e-01,1.954999836843175132e+00,3.679043474403534582e-03
2.721884794575178290e+01,3.682410981804197547e+01,1.173148730893180947e-01,1.945664121939645330e+00,3.930538325764484746e-03
2.772590759860482379e+01,3.618361787098058358e+01,1.341876008414940036e-01,1.942861241526455673e+00,2.263945956717316327e-03
2.824241326078434255e+01,3.566940956019443831e+01,8.511865612832891781e-02,1.934164727456279653e+00,3.468098223540057746e-03
2.876854090190592927e+01,3.500575559470230758e+01,7.735210656878786784e-02,1.930856633240598530e+00,3.418294102486631701e-03
2.930446976972142892e+01,3.448920320514489646e+01,1.476772722541746796e-01,1.924719777100338591e+00,3.787446414231047769e-03
2.985038245118731126e+01,3.398508060290907196e+01,1.076867713515779340e-01,1.917176980009080767e+00,3.751345351233077892e-03
3.040646493467066946e+01,3.336757104380018291e+01,1.343327433115883429e-01,1.910699378723275332e+00,2.011985465411731278e-03
3.097290667331408542e+01,3.275535231482793108e+01,9.268381831392361048e-02,1.906812691343513944e+00,2.644687886643981491e-03
3.154990064958087004e+01,3.226443246515365360e+01,1.030935465923988881e-01,1.900142551504766075e+00,3.155322705922743338e-03
3.213764344100277270e+01,3.178804028823310546e+01,1.063946693943887828e-01,1.892735767913954703e+00,2.918973881687930184e-03
3.273633528715245689e+01,3.126542812078021782e+01,7.556976591496598894e-02,1.888735134723959375e+00,3.238903490160204100e-03
3.334618015786364253e+01,3.067416541551505205e+01,8.000847325114494868e-02,1.883473802873792735e+00,2.888722242276080959e-03
3.396738582272207907e+01,3.026227080032546013e+01,1.611444811909294728e-01,1.876537713130083773e+00,2.244987431314327073e-03
3.460016392185108458e+01,2.969900229412532511e+01,9.929834739548720757e-02,1.871288045480416384e+00,2.235384266973248612e-03
3.524473003801583815e+01,2.927661962741333923e+01,1.392163454508563158e-01,1.866837441004720377e+00,3.637160060710625288e-03
3.590130377007068319e+01,2.877148613588546411e+01,9.630205251484832973e-02,1.861567367114773663e+00,2.511321035458027526e-03
3.657010880777489348e+01,2.828252760125310061e+01,1.059796064279478339e-01,1.855430969902230887e+00,2.389723975469010536e-03
3.725137300800209772e+01,2.786060378225133860e+01,9.344570148255446074e-02,1.851600597687729888e+00,1.834430179388953737e-03
3.794532847236938267e+01,2.738249003465114129e+01,5.866659717968152749e-02,1.846382157653327694e+00,3.485053418776233852e-03
3.865221162631261365e+01,2.683861186825932421e+01,7.807556694629909366e-02,1.843044755061484796e+00,2.812540770643379064e-03
3.937226329963479543e+01,2.641177659386935872e+01,7.976748093983439258e-02,1.836359039138218963e+00,3.393246651021884774e-03
4.010572880855495725e+01,2.596055483490792426e+01,9.209189877107877564e-02,1.832650149607648604e+00,2.759489335230226343e-03
4.085285803928561421e+01,2.550041487989053834e+01,6.456851434608328055e-02,1.827741775293049376e+00,2.178233654030377504e-03
4.161390553316707042e+01,2.510688832046088947e+01,8.482674435959662584e-02,1.824662423324343141e+00,2.409449953924259168e-03
4.238913057338778856e+01,2.465915679947374173e+01,6.637358483326623315e-02,1.819419990256492259e+00,4.591301961578865033e-03
4.317879727332021389e+01,2.424961765475760700e+01,1.097544213304890298e-01,1.813342048190005329e+00,2.457754243264377754e-03
4.398317466650223651e+01,2.382996941887663667e+01,7.012178300310431545e-02,1.810924195971520545e+00,4.060349658354148530e-03
4.480253679829489499e+01,2.341780408751180076e+01,5.873730973967029173e-02,1.805311200510303582e+00,2.776967622420724747e-03
4.563716281924758533e+01,2.300074463306225425e+01,9.816586019990761192e-02,1.800881485304703489e+00,2.471699966580804490e-03
4.648733708020256472e+01,2.264205407315060015e+01,8.543099931207159825e-02,1.798989118736407988e+00,2.864720396897943618e-03
4.735334922917115819e+01,2.223798378074848259e+01,3.616448661844520740e-02,1.791916687106616113e+00,3.219688513064521054e-03
4.823549431001467269e+01,2.180087789509932605e+01,7.155951212245127702e-02,1.789105298642438724e+00,2.992190799299496856e-03
4.913407286296362031e+01,2.139784917202348424e+01,7.983526347701559722e-02,1.783296485879148463e+00,2.997712448708362166e-03
5.004939102700953413e+01,2.105877784826131816e+01,6.997746148262977417e-02,1.781613162271142414e+00,1.924598396802032442e-03
5.098176064420424325e+01,2.068595665021383212e+01,4.774992284320430519e-02,1.777306209921670099e+00,2.621345262304116547e-03
5.193149936590211979e+01,2.032671387484437986e+01,5.692058226477410277e-02,1.772955898918712192e+00,2.390884580581892262e-03
5.289893076098150715e+01,1.995273500208758577e+01,5.085643596070887895e-02,1.769197242847288409e+00,1.737148400846636256e-03
5.388438442608223511e+01,1.962800475624133512e+01,5.623434296607233290e-02,1.765304827161676027e+00,2.894140619113312173e-03
5.488819609789671716e+01,1.928816902955288271e+01,6.474812713336544623e-02,1.762662841221281695e+00,2.617217913338750358e-03
5.591070776755289984e+01,1.896860594824039836e+01,5.324390030806983032e-02,1.759333800917703527e+00,3.445219496497497428e-03
5.695226779712822207e+01,1.861404692090764712e+01,7.088156925347192938e-02,1.753235824503079687e+00,2.853828658916850863e-03
5.801323103833375683e+01,1.828848229537188530e+01,5.510497383555945650e-02,1.750729867046073363e+00,2.533253515065335068e-03
5.909395895340967542e+01,1.799908196748362599e+01,6.390210447488398060e-02,1.747926076851651134e+00,4.179315045047005475e-03
6.019481973827271304e+01,1.765061204052308241e+01,4.650910049999258666e-02,1.744538276582486613e+00,2.302310714406099936e-03
6.131618844795772105e+01,1.737937199749348238e+01,5.128630883610402896e-02,1.740414433247992276e+00,3.393930394648845151e-03
6.245844712439614455e+01,1.707129369214167269e+01,4.440304693791119472e-02,1.738869602392972613e+00,3.616589569275710687e-03
6.362198492657485360e+01,1.673229404820954969e+01,9.429297339683387347e-02,1.735186126575130272e+00,3.560218906988506411e-03
6.480719826311967324e+01,1.643719252711471057e+01,5.319120790716952429e-02,1.731626641401895039e+00,3.842867168403922562e-03
6.601449092734885937e+01,1.613658135265537652e+01,3.178905656305253818e-02,1.728336500085128957e+00,4.471018409502564885e-03
6.724427423484246447e+01,1.583354517113094673e+01,3.692579862750698660e-02,1.727223852600261012e+00,3.901903435402434128e-03
6.849696716357443904e+01,1.557372477043413461e+01,3.775442696119223757e-02,1.724122600323929166e+00,3.389050569641700785e-03
6.977299649665533821e+01,1.526762353227593039e+01,3.303077697424885301e-02,1.720430227992485239e+00,2.837080888565409690e-03
7.107279696773414912e+01,1.499271666660594349e+01,3.332113133426457124e-02,1.717800117776485225e+00,3.245371277207614001e-03
7.239681140910873580e+01,1.471697466668027232e+01,6.208697329530275116e-02,1.713339594950505473e+00,2.377309045124138993e-03
7.374549090259550610e+01,1.445943565586834367e+01,3.049716580280192532e-02,1.712360489703746769e+00,4.842078617045135133e-03
7.511929493320964468e+01,1.419705758272160168e+01,6.028961224492175586e-02,1.707267938036019617e+00,2.042450478445165338e-03
7.651869154570822218e+01,1.394791881821646129e+01,2.444686366760281601e-02,1.707631536419572216e+00,3.144669454112116944e-03
7.794415750404947119e+01,1.370072965047470781e+01,3.498343489445376875e-02,1.704255592100236028e+00,3.835533846501818639e-03
7.939617845382279882e+01,1.342826180157027771e+01,7.126437503362562098e-02,1.701892539388268899e+00,2.217565282024148293e-03
8.087524908770453180e+01,1.318949201444082497e+01,6.317644258228637122e-02,1.699152568496986815e+00,3.302116741496058470e-03
8.238187331399605284e+01,1.293274568761887267e+01,3.233170149076974864e-02,1.697127228682217437e+00,3.165597828902954550e-03
8.391656442830156948e+01,1.270398087237140849e+01,4.106783481420855225e-02,1.696340971399037389e+00,2.369184355710773644e-03
8.547984528840409268e+01,1.247407799708511433e+01,3.620751470220501950e-02,1.690996137600365712e+00,5.950966873031454663e-03
8.707224849239916864e+01,1.223891258131723880e+01,2.393351042244884833e-02,1.691203741372113711e+00,2.495503911172538506e-03
8.869431656014708665e+01,1.204087811169237554e+01,4.218240264323284278e-02,1.687668257612265466e+00,2.588258648963780682e-03
9.034660211810525254e+01,1.179888908127428415e+01,2.633181878812197729e-02,1.686057246633251738e+00,3.693523171940826366e-03
9.202966808760409378e+01,1.162063456405751971e+01,2.625713946210493990e-02,1.684243065634152048e+00,4.026982123291377239e-03
9.374408787662990505e+01,1.136153288005577977e+01,3.338161110752405070e-02,1.681037845263507080e+00,2.895682836733029768e-03
9.549044557518077170e+01,1.117156493133600037e+01,3.977264376396785067e-02,1.678633583136555529e+00,3.619812808846720100e-03
9.726933615426167989e+01,1.097631264428235376e+01,3.205046856984285208e-02,1.676114458012973873e+00,3.166431493637210035e-03
9.908136566858665617e+01,1.077477463384360234e+01,4.532653272921206150e-02,1.672324213256271008e+00,2.886360527929221747e-03
1.009271514630570863e+02,1.056777694565421299e+01,3.401923980340870735e-02,1.673420966327662907e+00,3.402121610648186235e-03
1.028073223830864720e+02,1.038098295551108308e+01,3.273008396026787920e-02,1.668915501300261450e+00,4.156164635544547063e-03
1.047225189888434329e+02,1.019379326771343841e+01,3.838525530794956175e-02,1.667211536529642046e+00,2.871170686549635864e-03
1.066733937734857136e+02,1.000624459925093745e+01,5.401728077534415778e-02,1.667783605582491946e+00,3.474695113029759464e-03
1.086606113854596884e+02,9.814369418030686631e+00,5.526671641666466850e-02,1.663290472534373565e+00,3.812573381090779250e-03
1.106848488549411940e+02,9.640924073158904761e+00,1.901017786551251545e-02,1.663248344215632724e+00,5.554809454433391920e-03
1.127467958244946118e+02,9.457155156341780611e+00,2.942636369344166225e-02,1.658735669419096226e+00,3.868340957641689531e-03
1.148471547840289020e+02,9.260208636909336377e+00,2.827270357087229707e-02,1.657770258568906696e+00,4.049675817227927667e-03
1.169866413101306932e+02,9.086408110225978163e+00,4.470174146283776434e-02,1.656888300067094644e+00,5.820706515633104067e-03
1.191659843098558724e+02,8.931672917613321161e+00,3.429345313206479812e-02,1.655130207987126401e+00,3.898907102357077742e-03
1.213859262690627645e+02,8.773643444502374322e+00,3.810568169715630032e-02,1.654080179771681758e+00,4.137448151654505961e-03
1.236472235053714996e+02,8.595827320378770509e+00,3.717881658307378018e-02,1.648944677901239775e+00,2.570364046783439431e-03
1.259506464258357710e+02,8.421731188290038972e+00,2.986405827848316943e-02,1.651233689018714701e+00,4.896983971780772757e-03
1.282969797894147632e+02,8.271516173408903327e+00,3.697265695870350505e-02,1.651525291186252797e+00,4.752128859395105855e-03
1.306870229743346385e+02,8.120203131820094455e+00,3.055876121153747876e-02,1.648584220437693038e+00,4.311942715629573861e-03
1.331215902504307564e+02,7.967968142473355719e+00,2.977875550039521188e-02,1.648254344883248290e+00,5.522630600382105737e-03
1.356015110565633393e+02,7.850666049339277031e+00,3.450475909591163570e-02,1.643405861145316837e+00,2.587451676840609761e-03
1.381276302832009435e+02,7.677121939677492790e+00,5.063340320439774916e-02,1.641146680545949810e+00,2.539486636460679819e-03
1.407008085602685128e+02,7.527749135906364408e+00,3.094357815214050095e-02,1.642085762841630769e+00,3.641117939365254557e-03
1.433219225503573853e+02,7.417666364613419994e+00,1.961205009709716951e-02,1.640871316436654626e+00,3.874427140625079456e-03
1.459918652473978682e+02,7.261237310864599337e+00,2.235090201434270299e-02,1.637081311764321701e+00,4.216312908525173334e-03
1.487115462808953623e+02,7.164689924865703219e+00,2.421279934133914111e-02,1.636108005172740132e+00,3.089391554213912101e-03
1.514818922258345708e+02,7.012375662747457383e+00,2.232294394676512944e-02,1.635375392233506586e+00,4.760660335528202336e-03
1.543038469183564700e+02,6.885221192419502145e+00,3.288818236770146841e-02,1.630664832086236471e+00,3.320528979768835615e-03
1.571783717773162721e+02,6.743684484145137326e+00,4.311200675358172613e-02,1.631468896059788509e+00,3.830273390357465026e-03
1.601064461318317740e+02,6.632439887999207251e+00,2.720444700038697136e-02,1.633387993540602823e+00,5.290414699371808957e-03
1.630890675549332514e+02,6.520964096660141429e+00,2.943506789711214031e-02,1.626359116102425117e+00,5.593292056734542120e-03
1.661272522034292933e+02,6.376296984338841511e+00,3.538944212886743074e-02,1.628496490542215458e+00,2.477919655541584859e-03
1.692220351641037155e+02,6.253742805890341039e+00,3.225151584996287235e-02,1.627171126869956463e+00,6.492068776865536454e-03
1.723744708063619839e+02,6.160508886314428167e+00,2.420131749352152223e-02,1.624051968097408150e+00,5.468359609117906181e-03
1.755856331414468912e+02,6.025417326025197085e+00,3.443364431431044509e-02,1.623336348337943491e+00,4.540774350603035345e-03
1.788566161883461803e+02,5.926382856957649103e+00,3.321052824893666600e-02,1.620611810285583987e+00,5.973570832417654866e-03
1.821885343465165192e+02,5.807237131722342127e+00,3.567821450884629125e-02,1.615445534736326794e+00,4.764236810905236007e-03
1.855825227755516948e+02,5.714749878785633008e+00,2.588235098610724982e-02,1.619523083191614976e+00,4.358729134520549636e-03
1.890397377819219571e+02,5.614796189622413003e+00,2.512589642572200799e-02,1.615358800036523546e+00,4.461900204710467742e-03
1.925613572129196598e+02,5.502463209546377243e+00,1.596530958085447607e-02,1.616637229594811931e+00,4.241517412971734270e-03
1.961485808579429317e+02,5.401156811304339556e+00,2.607353313359594277e-02,1.615674678961350974e+00,5.601978510464229559e-03
1.998026308572548544e+02,5.314222962044677701e+00,2.928844024716580063e-02,1.612134803247587289e+00,3.780436006917883666e-03
2.035247521183575827e+02,5.184324427685764292e+00,3.234178376438857222e-02,1.616204224253414257e+00,5.287808729373843185e-03
2.073162127401228929e+02,5.108834473770667017e+00,3.103211331032562637e-02,1.610244985855802557e+00,6.822717103879103948e-03
2.111783044448242208e+02,5.015083788419434363e+00,1.663645502560360742e-02,1.608588923391898629e+00,3.615406634359860909e-03
2.151123430182165066e+02,4.911288961187239011e+00,2.557180318894278562e-02,1.607054549936950849e+00,5.784379768155318083e-03
2.191196687578147362e+02,4.807481716349499834e+00,3.053028138020503698e-02,1.608691361496874306e+00,6.743816682096777197e-03
2.232016469295232355e+02,4.726773517099582378e+00,2.578560283592715510e-02,1.607380584065938534e+00,4.788904035204917184e-03
2.273596682327715257e+02,4.622742999007013687e+00,2.908233918828694378e-02,1.603206828114885907e+00,5.458132274218427567e-03
2.315951492743152187e+02,4.554530082760785525e+00,1.966811062997871756e-02,1.603545369976840052e+00,4.789401630796665324e-03
2.359095330508633879e+02,4.469438971057821064e+00,2.677028613287944434e-02,1.599042674045880741e+00,6.188426832361428390e-03
2.403042894406967207e+02,4.383143280975955847e+00,3.079152580366436090e-02,1.601914071214378010e+00,4.432213015186233299e-03
2.447809157044440269e+02,4.307213905148400634e+00,1.885233810246659744e-02,1.599678531590774222e+00,4.869506640774718884e-03
2.493409369951878034e+02,4.215489564754159701e+00,2.112756012791253135e-02,1.601376402152888234e+00,3.846566753856943931e-03
2.539859068780723987e+02,4.142628366562577824e+00,2.510262016219377140e-02,1.597660089166384800e+00,3.110823128218844803e-03
2.587174078595921287e+02,4.056532014058791269e+00,3.063982357225326567e-02,1.597936554983632629e+00,4.794176842070572812e-03
2.635370519267393092e+02,3.983489827558822860e+00,2.827221148592824404e-02,1.595019752014250614e+00,5.999268961936466554e-03
2.684464810961962371e+02,3.893082168216035477e+00,2.195450553197905025e-02,1.597526108689168556e+00,5.587340950940053799e-03
2.734473679737579914e+02,3.833824891749376462e+00,2.697970037529018664e-02,1.593218607027774070e+00,3.284440429802817918e-03
2.785414163241766232e+02,3.769570218815552209e+00,3.306546055995789740e-02,1.594299234407366095e+00,3.898756135771806308e-03
2.837303616516211378e+02,3.680915920352878068e+00,2.250013439935166087e-02,1.590540556939710637e+00,4.426884624240685039e-03
2.890159717909508572e+02,3.610360293563873224e+00,2.131183362734187861e-02,1.589564326206091449e+00,6.472092705785983946e-03
2.944000475100033896e+02,3.549369306815234548e+00,2.444880340948680023e-02,1.588649573112283386e+00,4.950116272712933030e-03
2.998844231231027493e+02,3.471044620984006457e+00,2.999167060183833416e-02,1.589114750869170312e+00,1.058708171072789139e-02
3.054709671159968138e+02,3.410987356637539936e+00,3.076985039209589184e-02,1.588525064991876512e+00,7.519054331106366125e-03
3.111615827824359712e+02,3.354400517711729979e+00,2.177354906846530602e-02,1.589304398063498658e+00,5.738379184835736176e-03
3.169582088726115217e+02,3.299306235499961382e+00,3.418970409233605678e-02,1.587453585629163610e+00,6.853830342362450014e-03
3.228628202536730214e+02,3.228101650044153725e+00,2.894801275580002539e-02,1.583127661828617194e+00,4.903397223626556820e-03
3.288774285825510333e+02,3.163504341914367579e+00,1.618512429518094431e-02,1.577448777268892766e+00,8.641221197354581607e-03
3.350040829913132825e+02,3.106580776709738423e+00,2.730294311784970535e-02,1.580912801509777754e+00,7.052771552877723851e-03
3.412448707852889243e+02,3.030253776525917875e+00,2.721680496850305622e-02,1.581932371044136199e+00,7.637110490040669407e-03
3.476019181541977332e+02,2.980761240220780817e+00,2.040479697936104994e-02,1.585155460121936866e+00,6.855342383343181363e-03
3.540773908965269925e+02,2.923705021567802653e+00,2.824701239223573537e-02,1.585045560504182660e+00,9.913968705742558576e-03
3.606734951574027832e+02,2.857658617387427658e+00,1.979125316402969778e-02,1.579298356339049691e+00,6.140970819771982871e-03
3.673924781802074335e+02,2.840648631524571588e+00,2.517878159722869089e-02,1.578056843455958314e+00,7.968735145896818292e-03
3.742366290721980704e+02,2.761141227361082695e+00,3.466965797557850643e-02,1.573093932134354000e+00,8.810622715077268824e-03
3.812082795843887766e+02,2.707816545463272995e+00,4.338153904316001397e-02,1.577068742207111907e+00,8.306081440576195199e-03
3.883098049059605046e+02,2.678525453912256271e+00,1.935175822511088148e-02,1.572417187081868395e+00,1.019063911835448900e-02
3.955436244734701745e+02,2.609958112570910149e+00,2.529064404866468094e-02,1.574968224874095490e+00,6.957462612637350767e-03
4.029122027951347604e+02,2.540230644073866895e+00,3.004482790838282694e-02,1.574494147579392322e+00,6.345173837329378536e-03
4.104180502904709442e+02,2.503592182042184699e+00,2.710297251231460341e-02,1.569755788489771264e+00,9.085029959978178221e-03
4.180637241455758044e+02,2.482590891660966914e+00,2.018674863220413021e-02,1.571385981459766157e+00,7.757946125418998910e-03
4.258518291843414545e+02,2.421169693244830334e+00,2.234213031781917547e-02,1.568257034912174941e+00,6.660549077520647003e-03
4.337850187558988750e+02,2.383387324750704028e+00,1.963493323859837048e-02,1.567649560120824459e+00,8.805304183037352544e-03
4.418659956385941427e+02,2.331223966900281219e+00,2.040503666641555955e-02,1.569267212771611852e+00,1.065120118724931925e-02
4.500975129608046359e+02,2.274170718929753754e+00,2.785886672663434940e-02,1.570076881862751517e+00,6.132090740955048816e-03
4.584823751389096174e+02,2.235650964796128015e+00,1.990185862817236626e-02,1.564067065804978895e+00,7.504539586170477783e-03
4.670234388327330635e+02,2.190717932885059671e+00,2.285446336210713442e-02,1.568196492128824726e+00,1.315300461762122439e-02
4.757236139187884874e+02,2.169979006890282225e+00,2.350793297756715097e-02,1.563056868416721867e+00,9.326329865480873990e-03
4.845858644816490823e+02,2.110184391277393878e+00,2.148347676808531198e-02,1.560178477409983611e+00,9.048483374358257461e-03
4.936132098237911805e+02,2.069753251751930367e+00,2.301557657385020286e-02,1.564323819501214796e+00,5.684815062235908448e-03
5.028087254942474829e+02,2.029250307319647728e+00,1.374652788978847871e-02,1.561656365028920579e+00,1.383309086874085804e-02
5.121755443364236271e+02,2.005535365998366792e+00,2.107071175557113235e-02,1.557097594845795685e+00,8.315724954232049312e-03
5.217168575554343306e+02,1.967656045932975273e+00,1.400401128096001070e-02,1.565340791999637160e+00,8.234364431780730187e-03
5.314359158053235888e+02,1.928649040407268034e+00,2.927677725083194932e-02,1.555998213628588811e+00,1.201722802828377248e-02
5.413360302965376150e+02,1.893446530941378381e+00,2.419811230108274286e-02,1.556580914711220620e+00,1.178908507499585624e-02
5.514205739240296680e+02,1.854859797531630106e+00,3.401451574894186203e-02,1.551798066255073882e+00,1.273715890114063796e-02
5.616929824163803460e+02,1.808735542310371702e+00,2.409461033511121203e-02,1.562490430920602247e+00,9.781665277366111133e-03
5.721567555063245436e+02,1.794703693479436257e+00,1.420699066846745767e-02,1.559226405771348301e+00,1.195580213031757592e-02
5.828154581230839995e+02,1.755466309134940728e+00,3.143418792474368673e-02,1.549538128782284474e+00,1.547867515172546456e-02
5.936727216069119777e+02,1.718725872743466443e+00,2.543879747598086147e-02,1.551974142581788119e+00,1.240300766378400234e-02
6.047322449462642453e+02,1.687635584397688904e+00,3.221787406690557187e-02,1.555094676095473805e+00,9.718082090234544945e-03
6.159977960380161903e+02,1.674372901013661208e+00,4.248521077478434327e-02,1.546712313838990882e+00,1.185152019279615832e-02
6.274732129711574089e+02,1.638133583982548824e+00,2.471250971265379071e-02,1.551990712369643477e+00,8.710790562684766342e-03
6.391624053343998639e+02,1.597665497961485936e+00,2.661410417751870761e-02,1.555733277833587280e+00,1.672758451807345240e-02
6.510693555481454950e+02,1.573393096479647646e+00,2.670078817288727355e-02,1.540133435911666293e+00,8.880558575080738440e-03
6.631981202212668904e+02,1.540644648527507599e+00,2.020543176139032518e-02,1.539484285929738849e+00,8.004316057336948592e-03
6.755528315331639533e+02,1.514229505530731990e+00,2.482369076906400587e-02,1.539113549559048000e+00,1.376814311708708140e-02
6.881376986415663168e+02,1.475587260096887121e+00,1.800264315729612624e-02,1.549688372440851225e+00,1.644299350406117424e-02
7.009570091165618351e+02,1.456466904524789996e+00,3.584285347277536143e-02,1.533809346912570204e+00,1.544082688928549198e-02
7.140151304013395475e+02,1.419279284879364500e+00,3.579773792247505082e-02,1.548402290319897068e+00,1.956216904113682736e-02
7.273165113001454074e+02,1.410264262523960976e+00,2.263827689223873313e-02,1.535318272730018307e+00,1.724222547218496465e-02
7.408656834939559985e+02,1.376785433111792578e+00,2.702911388755021779e-02,1.544502720526499617e+00,1.321462254185537533e-02
7.546672630843886509e+02,1.351787612125789906e+00,2.478112945060625266e-02,1.534417049208800510e+00,1.308553434801958126e-02
7.687259521663728492e+02,1.326956860336973687e+00,2.610421214084581235e-02,1.535872741646999273e+00,1.634367513705768660e-02
7.830465404301182843e+02,1.308406001186811718e+00,1.897901708143192104e-02,1.538581003761606114e+00,1.574694923290993406e-02
7.976339067929272915e+02,1.277527706620251724e+00,1.606452483221052635e-02,1.536230531462788207e+00,2.374048055311270278e-02
8.124930210614047610e+02,1.258837927293795067e+00,1.646778150778925240e-02,1.537362189274366298e+00,1.831221661128107012e-02
8.276289456246344116e+02,1.225019454005515041e+00,3.219403664196126419e-02,1.528077344715405017e+00,1.607858815440157269e-02
8.430468371788966806e+02,1.209393652574029421e+00,2.487022239687633474e-02,1.536076792975669791e+00,1.573412549511203282e-02
8.587519484845170155e+02,1.184635236260640045e+00,2.509917596954392566e-02,1.529911163390878404e+00,1.289017199806222896e-02
8.747496301554415368e+02,1.157862529754962733e+00,2.341571354331674695e-02,1.529018478207824883e+00,2.313492412210300594e-02
8.910453324821512524e+02,1.142446754510867635e+00,2.162089549473245401e-02,1.527772094350232646e+00,1.510918595497476140e-02
9.076446072885356671e+02,1.118687873016790180e+00,1.749981591698501759e-02,1.520659785174786283e+00,2.300850046431150708e-02
9.245531098233570901e+02,1.097744477065155211e+00,1.764667527217048809e-02,1.522871173458897331e+00,2.451169421739255241e-02
9.417766006869518378e+02,1.081682448296827470e+00,2.935194716888691463e-02,1.522444911360165243e+00,1.931316848665111385e-02
9.593209477938240752e+02,1.063781836313017370e+00,2.400380219236276577e-02,1.514941734791621641e+00,1.654854648935900896e-02
9.771921283717996403e+02,1.046802031300466895e+00,1.622182669984209916e-02,1.524315947332017140e+00,1.929065699488990634e-02
9.953962309984233343e+02,1.019394472318651879e+00,1.709850134085804871e-02,1.515063630629084113e+00,2.423344779949251904e-02
1.013939457675291692e+03,1.008879385065457601e+00,3.139619745037824233e-02,1.509077186514282243e+00,1.775147055162716245e-02
1.032828125941028475e+03,9.837791734006906541e-01,2.828061596227842561e-02,1.522781906477112202e+00,1.924775906672214487e-02
1.052068671023622755e+03,9.636409096043445643e-01,2.522281805202768526e-02,1.514207890704674320e+00,1.232668720158438223e-02
1.071667648032863326e+03,9.543350697760898393e-01,2.530514573752155882e-02,1.517811084853447623e+00,2.297132440377625678e-02
1.091631734193614648e+03,9.351594706755721464e-01,2.843449692159490463e-02,1.507386351184964113e+00,1.890221372395469238e-02
1.111967731120699000e+03,9.234100520334272977e-01,2.527708069097370572e-02,1.508979038993082833e+00,2.558858208698954612e-02
1.132682567136153693e+03,9.140808519927953180e-01,2.358563954968984078e-02,1.496313811227655499e+00,2.408072579586563108e-02
1.153783299629660860e+03,8.802673377435095148e-01,2.615237786566196321e-02,1.497277016765776736e+00,1.468093887854471369e-02
1.175277117462945171e+03,8.704840413889906037e-01,1.561431334132856036e-02,1.490301728760357935e+00,1.892818088604794266e-02
1.197171343418965762e+03,8.551047336272574739e-01,2.395025129321731727e-02,1.507421917499810249e+00,3.032401843963282440e-02
1.219473436696737053e+03,8.302787251959033998e-01,1.870679900715334007e-02,1.503283229967856904e+00,2.300574914634071627e-02
1.242190995452616107e+03,8.233640469899089487e-01,2.585289638214926383e-02,1.494458820231529206e+00,3.033957631941177485e-02
1.265331759388941691e+03,7.903911294412575561e-01,2.117423313786075470e-02,1.503807846457799524e+00,2.657523172828010413e-02
1.288903612390891567e+03,7.940801935100041398e-01,1.841234065639626646e-02,1.488559686480821709e+00,2.780758818696148216e-02
1.312914585212464090e+03,7.749412313952216413e-01,2.025278233427446270e-02,1.488504652919561133e+00,1.502659467628876359e-02
1.337372858212494975e+03,7.654960866169623346e-01,2.017587323056916140e-02,1.492838378081834616e+00,1.292592525217835762e-02
1.362286764141645335e+03,7.553511060927623477e-01,2.170233650074702980e-02,1.495056232659924156e+00,4.828951321938026314e-02
1.387664790981307078e+03,7.446890166428832281e-01,2.292475626036309666e-02,1.480849651890243646e+00,2.409207807248432351e-02
1.413515584835394293e+03,7.188036351360438392e-01,2.686533735048479352e-02,1.478058279889052695e+00,2.987492764699640341e-02
1.439847952876006502e+03,7.006803463369470908e-01,2.267543989250735831e-02,1.488195536308163813e+00,2.278032874973742392e-02
1.466670866343966964e+03,6.944908856260399999e-01,3.167877947201665906e-02,1.467609955435204894e+00,1.457398093404034881e-02
1.493993463605256238e+03,6.889674216622301284e-01,1.825704573578178919e-02,1.488804753906914247e+00,3.731012146254066714e-02
1.521825053264385588e+03,6.706258812092323884e-01,3.420970026210973236e-02,1.475825814066384911e+00,3.351716349012601875e-02
1.550175117335768846e+03,6.622616921707709103e-01,1.719594029303032554e-02,1.488545440642847550e+00,1.902634711815465174e-02
1.579053314474174158e+03,6.461126791264286684e-01,1.734059943509789689e-02,1.463578741163793495e+00,2.948696299421100717e-02
1.608469483265355166e+03,6.428514741226090123e-01,1.788376111142600533e-02,1.481293091343487189e+00,2.912604127885311603e-02
1.638433645577983043e+03,6.430967002484018202e-01,2.244410833150550094e-02,1.471381051396982498e+00,4.560375418079117699e-02
1.668956009978023076e+03,6.105682136504148039e-01,2.095068990627941066e-02,1.458646135552098766e+00,3.318727099488340965e-02
1.700046975206716297e+03,5.937718441499626465e-01,1.801424792391598598e-02,1.454711772091770161e+00,2.583358948754082771e-02
1.731717133723352845e+03,5.932161121467112164e-01,1.528278728576498366e-02,1.483640289400967038e+00,3.910384100662638029e-02
1.763977275314043482e+03,5.969251220439558692e-01,3.017047358772062884e-02,1.461625209248461399e+00,1.694749805284936212e-02
1.796838390767719375e+03,5.562708685659167873e-01,1.611419293593687602e-02,1.462029489551179839e+00,3.191882995333474027e-02
1.830311675620611140e+03,5.733567137890039911e-01,2.538964562050087526e-02,1.445822879093612956e+00,3.824152230171812966e-02
1.864408533970485223e+03,5.537529154956764010e-01,2.626170387455292396e-02,1.455842621900583556e+00,3.876514927567840940e-02
1.899140582361933639e+03,5.363190845820502428e-01,2.011208451814095952e-02,1.451803315448943366e+00,3.895933845235503151e-02
1.934519653744044263e+03,5.326341114532552323e-01,2.590620109921595512e-02,1.444820231549114764e+00,5.619598029465025513e-02
1.970557801501798394e+03,5.208379976961575730e-01,2.090698316233410500e-02,1.440818327275799504e+00,4.429394194620493719e-02
2.007267303562568259e+03,4.917227103174438563e-01,2.250731050337568748e-02,1.441211512448894227e+00,2.479935986274763027e-02
2.044660666579115741e+03,5.095141153128077693e-01,2.516916067502368223e-02,1.449284216097968425e+00,4.435252182995941955e-02
2.082750630190514130e+03,4.707482442368493558e-01,1.945621192888054643e-02,1.429695772688314381e+00,6.248407050063738838e-02
2.121550171362450328e+03,4.730299818887108154e-01,1.962798683279221718e-02,1.441571475271803626e+00,5.417018550135069971e-02
2.161072508808376369e+03,4.808313500363450288e-01,1.507487373168712140e-02,1.423160011206406450e+00,3.971532819267246939e-02
2.201331107493030231e+03,4.946542783617228767e-01,4.758123205012834006e-02,1.434892650020052063e+00,5.408629244107261008e-02
2.242339683219845028e+03,4.578914387153981691e-01,2.249692372436646465e-02,1.436264454433296756e+00,5.322950933953150138e-02
2.284112207303823197e+03,4.583962289035674043e-01,2.314957538564548986e-02,1.452266553280966654e+00,3.913885013721304235e-02
2.326662911331457963e+03,4.458385260447494391e-01,2.717484236876839196e-02,1.418085789338915159e+00,5.343022111312911021e-02
2.370006292009327808e+03,4.282880066603983460e-01,2.787266118318239630e-02,1.407385202238158106e+00,6.448193338262903085e-02
2.414157116103017870e+03,4.315842670901836042e-01,2.577452247355423859e-02,1.404411165932730743e+00,5.383123441227340156e-02
2.459130425468043995e+03,4.171885347901688190e-01,1.313497077914881073e-02,1.430556677227604156e+00,4.998799172752940029e-02
2.504941542174502501e+03,4.029147271339194591e-01,2.413602963549925026e-02,1.396130373331857966e+00,7.043228883895945314e-02
2.551606073727183684e+03,4.050947015379636196e-01,2.647632854516835180e-02,1.418824910582938914e+00,6.165473043938658748e-02
2.599139918382933047e+03,3.996561126120889429e-01,2.507300942350301071e-02,1.413672564975216206e+00,6.519084626343951694e-02
2.647559270567066505e+03,3.998380194911204666e-01,1.821465385997602174e-02,1.414993256073441064e+00,8.745657936060148574e-02
2.696880626390692669e+03,3.868613026869657801e-01,1.896685654454102060e-02,1.405430608218554145e+00,5.167709177485548672e-02
2.747120789270811656e+03,3.647790487674364424e-01,3.109658841490432410e-02,1.417532115617169408e+00,7.483788084655283723e-02
2.798296875655115855e+03,3.611931155132687143e-01,1.736531548153281632e-02,1.352321517454691202e+00,4.394537845882338228e-02
2.850426320853434845e+03,3.620067998863921166e-01,2.090336279599571898e-02,1.398085668917950830e+00,5.965523233277646858e-02
2.903526884977814007e+03,3.464337052976041997e-01,1.998813434502035372e-02,1.401283076030340746e+00,7.048804964010436935e-02
2.957616658993253623e+03,3.408188628083812510e-01,2.582011295523941805e-02,1.366879516010508944e+00,5.527019580333879939e-02
3.012714070881164389e+03,3.418680117122471773e-01,2.063190605185813778e-02,1.413757037961987706e+00,7.482083875181058663e-02
3.068837891917642082e+03,3.354087468902134939e-01,1.889668086024982527e-02,1.397196684943603717e+00,6.480382990837957324e-02
3.126007243068700518e+03,3.336798548331381120e-01,2.554080676457905208e-02,1.360371418780734976e+00,5.802590200113569990e-02
3.184241601504649680e+03,3.357198089492092752e-01,2.472251676399864553e-02,1.334145214119068834e+00,6.416320591901832071e-02
3.243560807235808170e+03,3.234661478157441206e-01,1.951485818561624411e-02,1.355555205234530991e+00,4.875053070498416158e-02
3.303985069871854648e+03,3.275604177569322317e-01,2.304683598057880728e-02,1.366645650291657743e+00,6.794894240389087736e-02
3.365534975507091076e+03,3.044691470591759375e-01,3.526118561043145583e-02,1.404189407758855257e+00,7.310254144800731879e-02
3.428231493733967000e+03,2.993185661773387629e-01,3.059294094147464727e-02,1.339305872960853350e+00,8.768098098578773480e-02
3.492095984787267753e+03,3.011772304313551363e-01,2.277094503335782769e-02,1.364174607816906359e+00,9.325675283029316587e-02
3.557150206821382199e+03,2.981540481170603663e-01,2.638531770946866625e-02,1.363517364292388567e+00,8.131941124754046846e-02
3.623416323323146116e+03,3.022881873730690616e-01,1.151686597092635780e-02,1.339893707370570342e+00,9.459379990629238066e-02
3.690916910662774626e+03,2.931188389436522046e-01,1.997318681473033569e-02,1.361519203500095143e+00,5.881464411653297003e-02
3.759674965785463883e+03,2.891770556357694533e-01,2.421370180835673638e-02,1.323502398995633378e+00,7.037002518016299835e-02
3.829713914046277296e+03,2.815689799473665156e-01,3.604278218841094200e-02,1.319470564481054264e+00,7.360151030481300316e-02
3.901057617190989276e+03,2.911750710668127295e-01,2.878160302292959161e-02,1.292684277685630878e+00,1.100176855210534266e-01
3.973730381485604084e+03,2.686906574193997921e-01,2.793777251177624252e-02,1.311060666728706581e+00,1.098148547976240536e-01
4.047756965997318275e+03,2.690361348524162310e-01,2.143690260019299326e-02,1.365214390367935904e+00,4.629230358282646063e-02
4.123162591029748000e+03,2.629097132374600410e-01,2.186660725136324590e-02,1.273194330268102803e+00,1.330367982712397368e-01
4.199972946715301987e+03,2.496381209728854300e-01,1.777097410741992206e-02,1.235183360001846919e+00,4.464593326826354902e-02
4.278214201767613304e+03,2.477758296726086940e-01,2.225108072929613337e-02,1.296740316924091418e+00,1.012819652658355635e-01
4.357913012397025341e+03,2.451813061010613137e-01,2.315504388858186102e-02,1.271294512733535331e+00,8.656831298053065116e-02
4.439096531392166071e+03,2.360719778937320490e-01,3.479446738370255837e-02,1.261375560931918383e+00,7.673921748736363402e-02
4.521792417370697876e+03,2.564776556454385625e-01,3.447897232338285184e-02,1.234666900508583520e+00,1.593219530675656359e-01
4.606028844202398432e+03,2.360538815852631367e-01,2.436453182892187388e-02,1.266261488491637666e+00,1.120254902385739576e-01
4.691834510607794073e+03,2.334853590064127071e-01,2.655109839153543816e-02,1.285732921343269552e+00,6.770784187417683286e-02
4.779238649935595276e+03,2.264346714018395657e-01,2.877719981069471605e-02,1.274535407672242382e+00,1.236177610583386460e-01
4.868271040122278464e+03,2.225928545242468748e-01,2.529512561780527038e-02,1.250682801782557307e+00,1.174778458859312147e-01
4.958962013837211998e+03,2.042149987360295516e-01,3.289047339381105661e-02,1.242535412169160747e+00,6.634602859266085229e-02
5.051342468816761539e+03,2.147037614990649212e-01,2.708655329517842963e-02,1.257181559573594010e+00,8.907247321404329621e-02
5.145443878390924510e+03,2.101649997146714521e-01,3.293099316074978022e-02,1.257020162799539431e+00,1.325425370443132078e-01
5.241298302206056178e+03,2.202026691719702889e-01,3.068322582293911069e-02,1.268558827983476300e+00,1.086789200369691621e-01
5.338938397147349860e+03,1.978068132444953109e-01,3.084424518123475220e-02,1.240697396071244185e+00,1.757116085288394081e-01
5.438397428464795667e+03,2.038729380077670128e-01,2.175866754244967435e-02,1.150841416536235284e+00,1.091103074513041921e-01
5.539709281106400340e+03,2.028977919047823542e-01,2.391266970815211779e-02,1.208217123963579720e+00,7.651852071965206670e-02
5.642908471262536295e+03,2.050945886213872416e-01,2.431419549914180800e-02,1.157810028210591424e+00,9.431851014891437512e-02
5.748030158125350681e+03,1.919201261793899160e-01,3.611794828906971649e-02,1.232705520391309761e+00,1.296932808769854506e-01
5.855110155867238063e+03,1.818909234838291256e-01,1.829796956457963725e-02,1.206273124211344694e+00,1.522157358935314897e-01
5.964184945842459456e+03,1.892924487067799144e-01,2.828195853938293008e-02,1.143477035626628169e+00,1.910373330976259942e-01
6.075291689016071359e+03,1.925963149074796932e-01,1.933582032087208247e-02,1.168982621138027200e+00,2.047864788754672483e-01
6.188468238624383048e+03,1.764540635432078064e-01,2.788343577719389760e-02,1.192029890628068189e+00,1.566265557184482737e-01
6.303753153071274937e+03,1.874268330526336901e-01,2.896208261222195379e-02,1.067287733278237782e+00,8.274839047397827829e-02
6.421185709064758157e+03,1.866267776403965351e-01,2.715084308711563157e-02,1.087517875119244470e+00,1.879267927102996616e-01
6.540805914998252774e+03,1.734507830368465231e-01,1.885893753680047830e-02,1.168506904559541537e+00,1.271291103140813616e-01
6.662654524581149417e+03,1.741009038369196738e-01,2.222528064579278387e-02,1.072783550435950195e+00,1.253320730336583699e-01
6.786773050723295455e+03,1.938517676051923488e-01,3.658780543816293057e-02,1.106767211960729913e+00,1.318738646326194086e-01
6.913203779678127830e+03,1.605557553192347997e-01,3.331300965235915040e-02,1.171369052102451569e+00,1.572061569411537241e-01
7.041989785449288320e+03,1.757343240356169789e-01,1.830703909648907432e-02,1.083480971570465190e+00,8.948195075883873251e-02
7.173174944465612498e+03,1.625993640622246106e-01,2.725922269992977001e-02,1.088114563425830461e+00,1.966356816212272984e-01
7.306803950529499161e+03,1.773313839685000948e-01,3.197665258448412900e-02,1.070756554662183335e+00,1.529437319624765979e-01
7.442922330043757938e+03,1.486118383987038161e-01,2.869508722864891684e-02,1.049507994140515210e+00,1.907058244569072858e-01
7.581576457522110104e+03,1.728333036726524552e-01,3.240426546217748532e-02,9.973525874125318547e-01,1.520681379241723141e-01
7.722813571388642231e+03,1.523196405210123783e-01,3.610089519988814860e-02,9.853783806829656822e-01,1.796465595710728669e-01
7.866681790071582327e+03,1.560579220786348642e-01,2.953360166886856084e-02,1.119280395992904520e+00,2.211068205358491245e-01
8.013230128396878172e+03,1.729170163252891634e-01,2.998848348809605643e-02,1.041052323007173097e+00,1.906615572349592280e-01
8.162508514287220351e+03,1.378218133594941719e-01,2.702168246119572570e-02,1.201492495168074770e+00,2.168956349329163591e-01
8.314567805772056090e+03,1.620865273141126051e-01,3.820407859938380890e-02,1.170242978667028089e+00,1.612735850949101046e-01
8.469459808314575639e+03,1.432257447293143748e-01,2.848593883311751826e-02,1.045845099790998933e+00,2.561432424968420607e-01
8.627237292461441029e+03,1.378406708808542491e-01,3.088116396429838040e-02,9.606242412618776205e-01,2.491626832152509796e-01
8.787954011821309905e+03,1.389146212717575213e-01,3.359858086672091321e-02,8.851401381953840630e-01,1.994035372827236419e-01
8.951664721378292597e+03,1.478270407479788662e-01,2.769526870693492585e-02,1.034231961905133002e+00,1.117892174352445867e-01
9.118425196146561575e+03,1.440858786528644297e-01,3.333121439287158039e-02,9.931518209629993654e-01,2.056257734137998949e-01
9.288292250172489730e+03,1.491570034796696753e-01,2.432306813718880870e-02,9.900789449611888671e-01,2.555210153405328422e-01
9.461323755890760367e+03,1.542325142649895175e-01,3.795762443009481624e-02,1.095707194598128265e+00,1.916941181037575825e-01
9.637578663841079106e+03,1.594289500258179171e-01,3.778146447586523682e-02,9.728000990337454246e-01,1.594298674993202825e-01
9.817117022752183402e+03,1.221710320984139286e-01,3.436917280685169995e-02,9.029133219861907866e-01,2.701921049469100389e-01
1.000000000000000000e+04,1.330145077185607705e-01,3.711214829122290448e-02,9.679424270945411468e-01,2.339128831814674958e-01
