# Acquisizione Analog Discovery 2
# Timestamp 2025-10-02 11:39:05
# time	ch1	ch2
-5.119999999999999768e-04	-8.297359756001655706e-02	9.877190302635591168e-03
-5.109999999999999525e-04	-7.929093119448354932e-02	1.733459323102959360e-02
-5.099999999999999282e-04	-3.509893480808744248e-02	-1.308914089955412474e-03
-5.090000000000000123e-04	-1.668560298042239681e-02	-1.249501848254641612e-02
-5.079999999999999880e-04	1.645839430937468678e-02	-1.622371994674341733e-02
-5.069999999999999637e-04	2.382372704044070227e-02	2.419787374241588740e-03
-5.059999999999999394e-04	3.855439250257274020e-02	1.360589176683259238e-02
-5.050000000000000235e-04	8.274638888896884703e-02	-1.308914089955412474e-03
-5.039999999999999992e-04	6.433305706130380830e-02	2.419787374241588740e-03
-5.029999999999999749e-04	8.642905525450185478e-02	1.360589176683259238e-02
-5.019999999999999506e-04	1.232557189098319461e-01	9.877190302635591168e-03
-5.009999999999999263e-04	1.416690507374969987e-01	2.852069762362059724e-02
-5.000000000000000104e-04	1.821783807583600978e-01	-8.766317018349414902e-03
-4.989999999999999861e-04	1.748130480272940823e-01	1.733459323102959360e-02
-4.979999999999999618e-04	2.079570453170911659e-01	2.419787374241588740e-03
-4.969999999999999375e-04	2.447837089724212434e-01	-1.308914089955412474e-03
-4.960000000000000216e-04	2.263703771447561908e-01	1.733459323102959360e-02
-4.949999999999999973e-04	2.521490417034872866e-01	1.360589176683259238e-02
-4.939999999999999730e-04	2.963410380898833796e-01	1.360589176683259238e-02
-4.929999999999999487e-04	3.184370362830814538e-01	-5.037615554152413688e-03
-4.919999999999999244e-04	3.110717035520154106e-01	-1.249501848254641612e-02
-4.910000000000000085e-04	3.552636999384115035e-01	6.148488838438589954e-03
-4.899999999999999842e-04	3.663116990350105406e-01	9.877190302635591168e-03
-4.889999999999999599e-04	3.920903635937416087e-01	6.148488838438589954e-03
-4.879999999999999898e-04	4.068210290558736397e-01	-1.308914089955412474e-03
-4.869999999999999655e-04	4.436476927112037449e-01	-1.308914089955412474e-03
-4.859999999999999954e-04	4.362823599801377017e-01	-1.308914089955412474e-03
-4.849999999999999711e-04	4.767916900010008008e-01	9.877190302635591168e-03
-4.840000000000000010e-04	4.804743563665338502e-01	9.877190302635591168e-03
-4.829999999999999767e-04	4.988876881941988750e-01	2.106329469522659481e-02
-4.819999999999999524e-04	5.504450173116610667e-01	-8.766317018349414902e-03
-4.809999999999999823e-04	5.725410155048591410e-01	1.360589176683259238e-02
-4.799999999999999580e-04	5.578103500427269434e-01	1.733459323102959360e-02
-4.789999999999999879e-04	6.093676791601891907e-01	2.106329469522659481e-02
-4.779999999999999635e-04	5.983196800635901536e-01	-1.249501848254641612e-02
-4.769999999999999934e-04	6.167330118912550674e-01	-5.037615554152413688e-03
-4.759999999999999691e-04	6.314636773533872649e-01	-8.766317018349414902e-03
-4.749999999999999990e-04	6.940690055674483272e-01	-5.037615554152413688e-03
-4.739999999999999747e-04	6.682903410087173146e-01	9.877190302635591168e-03
-4.730000000000000046e-04	7.161650037606464014e-01	6.148488838438589954e-03
-4.719999999999999803e-04	7.345783355883115373e-01	2.106329469522659481e-02
-4.709999999999999560e-04	7.382610019538444757e-01	1.733459323102959360e-02
-4.699999999999999859e-04	7.750876656091745254e-01	2.106329469522659481e-02
-4.689999999999999616e-04	7.898183310713065008e-01	1.360589176683259238e-02
-4.679999999999999915e-04	8.045489965334386984e-01	1.360589176683259238e-02
-4.669999999999999672e-04	8.413756601887687481e-01	-1.622371994674341733e-02
-4.659999999999999971e-04	8.597889920164336619e-01	1.733459323102959360e-02
-4.649999999999999728e-04	8.818849902096317361e-01	9.877190302635591168e-03
-4.640000000000000027e-04	8.929329893062307733e-01	9.877190302635591168e-03
-4.629999999999999784e-04	9.260769865960278846e-01	3.224939908781759845e-02
-4.619999999999999541e-04	9.223943202304949462e-01	9.877190302635591168e-03
-4.609999999999999840e-04	9.555383175202920576e-01	1.360589176683259238e-02
-4.599999999999999597e-04	9.665863166168910947e-01	-1.249501848254641612e-02
-4.589999999999999896e-04	9.776343157134901318e-01	1.360589176683259238e-02
-4.579999999999999653e-04	1.010778313003287021e+00	1.360589176683259238e-02
-4.569999999999999952e-04	-9.815441907500708218e-01	-5.037615554152413688e-03
-4.559999999999999709e-04	-9.668135252879386243e-01	-8.766317018349414902e-03
-4.550000000000000008e-04	-9.410348607292076117e-01	2.419787374241588740e-03
-4.539999999999999765e-04	-9.189388625360095375e-01	2.419787374241588740e-03
-4.530000000000000064e-04	-8.857948652462124262e-01	2.479199615942359602e-02
-4.519999999999999821e-04	-8.857948652462124262e-01	-5.037615554152413688e-03
-4.509999999999999578e-04	-8.821121988806794878e-01	-1.622371994674341733e-02
-4.499999999999999877e-04	-8.379202024942833393e-01	6.148488838438589954e-03
-4.489999999999999634e-04	-8.121415379355523267e-01	-1.308914089955412474e-03
-4.479999999999999933e-04	-8.010935388389532896e-01	-5.037615554152413688e-03
-4.469999999999999690e-04	-7.826802070112883758e-01	9.877190302635591168e-03
-4.459999999999999989e-04	-7.532188760870242028e-01	-1.249501848254641612e-02
-4.449999999999999746e-04	-7.495362097214912644e-01	-1.622371994674341733e-02
-4.440000000000000045e-04	-7.090268797006280543e-01	9.877190302635591168e-03
-4.429999999999999802e-04	-7.053442133350951160e-01	9.877190302635591168e-03
-4.419999999999999559e-04	-7.053442133350951160e-01	-8.766317018349414902e-03
-4.409999999999999858e-04	-6.611522169486989675e-01	-5.037615554152413688e-03
-4.399999999999999615e-04	-6.501042178520999304e-01	-1.308914089955412474e-03
-4.389999999999999914e-04	-6.501042178520999304e-01	6.148488838438589954e-03
-4.379999999999999671e-04	-5.874988896380388681e-01	-8.766317018349414902e-03
-4.369999999999999970e-04	-6.059122214657037819e-01	1.733459323102959360e-02
-4.359999999999999726e-04	-5.690855578103737322e-01	-1.308914089955412474e-03
-4.350000000000000026e-04	-5.543548923482417567e-01	1.360589176683259238e-02
-4.339999999999999782e-04	-5.396242268861097813e-01	9.877190302635591168e-03
-4.329999999999999539e-04	-4.991148968652466267e-01	1.360589176683259238e-02
-4.319999999999999838e-04	-4.807015650375815463e-01	2.106329469522659481e-02
-4.309999999999999595e-04	-4.622882332099164659e-01	1.360589176683259238e-02
-4.299999999999999894e-04	-4.512402341133174843e-01	9.877190302635591168e-03
-4.289999999999999651e-04	-4.365095686511854534e-01	-1.249501848254641612e-02
-4.279999999999999950e-04	-3.996829049958553481e-01	-5.037615554152413688e-03
-4.269999999999999707e-04	-3.960002386303223543e-01	2.852069762362059724e-02
-4.260000000000000006e-04	-3.665389077060582368e-01	1.360589176683259238e-02
-4.249999999999999763e-04	-3.518082422439262058e-01	6.148488838438589954e-03
-4.240000000000000062e-04	-3.149815785885961561e-01	9.877190302635591168e-03
-4.229999999999999819e-04	-3.076162458575301129e-01	-5.037615554152413688e-03
-4.219999999999999576e-04	-2.855202476643320386e-01	-1.308914089955412474e-03
-4.209999999999999875e-04	-2.597415831056009705e-01	-1.308914089955412474e-03
-4.199999999999999632e-04	-2.376455849124029518e-01	-5.037615554152413688e-03
-4.189999999999999931e-04	-2.229149194502708931e-01	9.877190302635591168e-03
-4.179999999999999688e-04	-1.897709221604738095e-01	-1.308914089955412474e-03
-4.169999999999999987e-04	-1.676749239672757630e-01	9.877190302635591168e-03
-4.159999999999999744e-04	-1.492615921396107104e-01	-5.037615554152413688e-03
-4.150000000000000043e-04	-1.529442585051437320e-01	2.852069762362059724e-02
-4.139999999999999800e-04	-1.198002612153466484e-01	-1.308914089955412474e-03
-4.129999999999999557e-04	-9.770426302214860192e-02	-1.308914089955412474e-03
-4.119999999999999856e-04	-8.297359756001655706e-02	2.419787374241588740e-03
-4.109999999999999613e-04	-6.456026573235151833e-02	2.852069762362059724e-02
-4.099999999999999912e-04	-4.614693390468646572e-02	9.877190302635591168e-03
-4.089999999999999669e-04	-2.036826934595540456e-02	-1.308914089955412474e-03
-4.079999999999999968e-04	1.727728847242648857e-03	6.148488838438589954e-03
-4.069999999999999725e-04	2.750639340597371349e-02	2.419787374241588740e-03
-4.060000000000000024e-04	5.328505796470477812e-02	-1.308914089955412474e-03
-4.049999999999999781e-04	6.801572342683681605e-02	2.419787374241588740e-03
-4.040000000000000080e-04	1.048423870821669074e-01	1.733459323102959360e-02
-4.029999999999999837e-04	1.269383852753649677e-01	9.877190302635591168e-03
-4.019999999999999594e-04	1.343037180064309832e-01	9.877190302635591168e-03
-4.009999999999999893e-04	1.527170498340960081e-01	1.360589176683259238e-02
-3.999999999999999650e-04	1.711303816617610607e-01	9.877190302635591168e-03
-3.989999999999999949e-04	1.711303816617610607e-01	-1.308914089955412474e-03
-3.979999999999999706e-04	2.153223780481571814e-01	3.224939908781759845e-02
-3.970000000000000005e-04	2.337357098758222063e-01	9.877190302635591168e-03
-3.959999999999999762e-04	2.374183762413552279e-01	1.360589176683259238e-02
-3.950000000000000061e-04	2.521490417034872866e-01	2.106329469522659481e-02
-3.939999999999999817e-04	3.147543699175484044e-01	-1.308914089955412474e-03
-3.929999999999999574e-04	2.926583717243503857e-01	2.852069762362059724e-02
-3.919999999999999873e-04	3.405330344762794725e-01	1.733459323102959360e-02
-3.909999999999999630e-04	3.663116990350105406e-01	1.360589176683259238e-02
-3.899999999999999929e-04	3.699943654005435345e-01	1.360589176683259238e-02
-3.889999999999999686e-04	4.031383626903406459e-01	-1.308914089955412474e-03
-3.879999999999999985e-04	4.031383626903406459e-01	-1.622371994674341733e-02
-3.869999999999999742e-04	4.436476927112037449e-01	2.419787374241588740e-03
-3.860000000000000041e-04	4.325996936146047078e-01	9.877190302635591168e-03
-3.849999999999999798e-04	4.841570227320668440e-01	2.419787374241588740e-03
-3.840000000000000097e-04	4.988876881941988750e-01	3.597810055201459967e-02
-3.829999999999999854e-04	5.062530209252649183e-01	2.419787374241588740e-03
-3.819999999999999611e-04	5.541276836771940051e-01	9.877190302635591168e-03
-3.809999999999999910e-04	5.541276836771940051e-01	1.360589176683259238e-02
-3.799999999999999667e-04	5.725410155048591410e-01	-8.766317018349414902e-03
-3.789999999999999966e-04	5.835890146014581781e-01	-8.766317018349414902e-03
-3.779999999999999723e-04	6.056850127946560303e-01	6.148488838438589954e-03
-3.770000000000000022e-04	6.351463437189202033e-01	1.360589176683259238e-02
-3.759999999999999779e-04	6.277810109878541045e-01	1.360589176683259238e-02
-3.750000000000000078e-04	6.646076746431843763e-01	1.360589176683259238e-02
-3.739999999999999835e-04	7.014343382985144260e-01	9.877190302635591168e-03
-3.729999999999999592e-04	7.198476701261793398e-01	2.419787374241588740e-03
-3.719999999999999891e-04	7.235303364917125002e-01	3.597810055201459967e-02
-3.709999999999999648e-04	7.603570001470425499e-01	2.106329469522659481e-02
-3.699999999999999947e-04	7.750876656091745254e-01	9.877190302635591168e-03
-3.689999999999999704e-04	7.824529983402406241e-01	1.360589176683259238e-02
-3.680000000000000003e-04	8.303276610921697110e-01	2.852069762362059724e-02
-3.669999999999999760e-04	8.266449947266367726e-01	9.877190302635591168e-03
-3.660000000000000059e-04	8.597889920164336619e-01	2.419787374241588740e-03
-3.649999999999999816e-04	9.002983220372968720e-01	2.106329469522659481e-02
-3.639999999999999573e-04	9.113463211338959091e-01	-5.037615554152413688e-03
-3.629999999999999872e-04	8.966156556717639337e-01	1.733459323102959360e-02
-3.619999999999999629e-04	9.371249856926269217e-01	2.106329469522659481e-02
-3.609999999999999928e-04	9.371249856926269217e-01	-1.308914089955412474e-03
-3.599999999999999685e-04	9.702689829824240331e-01	1.360589176683259238e-02
-3.589999999999999984e-04	9.960476475411550457e-01	2.419787374241588740e-03
-3.579999999999999741e-04	1.032874311196485095e+00	-5.037615554152413688e-03
-3.570000000000000040e-04	-9.815441907500708218e-01	-5.037615554152413688e-03
-3.559999999999999797e-04	-9.484001934602737105e-01	6.148488838438589954e-03
-3.550000000000000096e-04	-9.373521943636746734e-01	-1.308914089955412474e-03
-3.539999999999999853e-04	-9.299868616326085746e-01	6.148488838438589954e-03
-3.529999999999999609e-04	-9.042081970738775620e-01	2.419787374241588740e-03
-3.519999999999999908e-04	-8.821121988806794878e-01	9.877190302635591168e-03
-3.509999999999999665e-04	-8.636988670530145740e-01	-1.308914089955412474e-03
-3.499999999999999964e-04	-8.563335343219484752e-01	-2.368112287513741976e-02
-3.489999999999999721e-04	-8.231895370321513639e-01	6.148488838438589954e-03
-3.480000000000000020e-04	-8.121415379355523267e-01	6.148488838438589954e-03
-3.469999999999999777e-04	-7.900455397423542525e-01	2.106329469522659481e-02
-3.460000000000000076e-04	-7.532188760870242028e-01	1.733459323102959360e-02
-3.449999999999999833e-04	-7.421708769904251657e-01	9.877190302635591168e-03
-3.439999999999999590e-04	-7.237575451627600298e-01	1.360589176683259238e-02
-3.429999999999999889e-04	-7.200748787972270915e-01	9.877190302635591168e-03
-3.419999999999999646e-04	-6.906135478729631405e-01	-2.740982433933442097e-02
-3.409999999999999945e-04	-6.685175496797650663e-01	-1.308914089955412474e-03
-3.399999999999999702e-04	-6.501042178520999304e-01	6.148488838438589954e-03
-3.390000000000000001e-04	-6.243255532933689178e-01	1.360589176683259238e-02
-3.379999999999999758e-04	-6.132775541967698807e-01	6.148488838438589954e-03
-3.370000000000000057e-04	-5.911815560035718065e-01	-5.037615554152413688e-03
-3.359999999999999814e-04	-5.727682241759066706e-01	9.877190302635591168e-03
-3.350000000000000113e-04	-5.396242268861097813e-01	-1.995242141094041854e-02
-3.339999999999999870e-04	-5.285762277895107442e-01	6.148488838438589954e-03
-3.329999999999999627e-04	-5.027975632307795095e-01	9.877190302635591168e-03
-3.319999999999999926e-04	-4.807015650375815463e-01	2.106329469522659481e-02
-3.309999999999999683e-04	-4.733362323065155031e-01	2.479199615942359602e-02
-3.299999999999999982e-04	-4.696535659409825092e-01	6.148488838438589954e-03
-3.289999999999999739e-04	-4.254615695545864162e-01	-1.308914089955412474e-03
-3.280000000000000038e-04	-3.996829049958553481e-01	-2.368112287513741976e-02
-3.269999999999999795e-04	-3.996829049958553481e-01	6.148488838438589954e-03
-3.260000000000000094e-04	-3.554909086094592552e-01	2.419787374241588740e-03
-3.249999999999999851e-04	-3.297122440507281871e-01	-8.766317018349414902e-03
-3.239999999999999608e-04	-3.223469113196621438e-01	-8.766317018349414902e-03
-3.229999999999999907e-04	-3.002509131264640696e-01	-5.037615554152413688e-03
-3.219999999999999664e-04	-2.707895822022000076e-01	-1.308914089955412474e-03
-3.209999999999999963e-04	-2.855202476643320386e-01	9.877190302635591168e-03
-3.199999999999999720e-04	-2.339629185468699302e-01	2.106329469522659481e-02
-3.190000000000000019e-04	-2.081842539881388621e-01	2.419787374241588740e-03
-3.179999999999999776e-04	-2.081842539881388621e-01	1.733459323102959360e-02
-3.170000000000000075e-04	-1.824055894294077940e-01	9.877190302635591168e-03
-3.159999999999999832e-04	-1.860882557949408156e-01	2.419787374241588740e-03
-3.149999999999999589e-04	-1.308482603119456855e-01	-8.766317018349414902e-03
-3.139999999999999888e-04	-1.234829275808796700e-01	9.877190302635591168e-03
-3.129999999999999644e-04	-1.013869293876816097e-01	-5.037615554152413688e-03
-3.119999999999999944e-04	-7.192559846341753382e-02	2.419787374241588740e-03
-3.109999999999999700e-04	-4.982960027021948041e-02	2.419787374241588740e-03
-3.099999999999999999e-04	-4.246426753915345798e-02	9.877190302635591168e-03
-3.089999999999999756e-04	-2.405093571148841577e-02	-1.308914089955412474e-03
-3.080000000000000055e-04	2.014106067490769453e-02	1.360589176683259238e-02
-3.069999999999999812e-04	9.093061578308667819e-03	-1.622371994674341733e-02
-3.060000000000000111e-04	4.960239159917176344e-02	-8.766317018349414902e-03
-3.049999999999999868e-04	7.169838979236982379e-02	-8.766317018349414902e-03
-3.039999999999999625e-04	9.011172162003486252e-02	-1.308914089955412474e-03
-3.029999999999999924e-04	1.122077198132329229e-01	2.479199615942359602e-02
-3.019999999999999681e-04	1.453517171030299926e-01	1.360589176683259238e-02
-3.009999999999999980e-04	1.232557189098319461e-01	1.360589176683259238e-02
-2.999999999999999737e-04	1.748130480272940823e-01	9.877190302635591168e-03
-2.990000000000000036e-04	1.895437134894261133e-01	1.733459323102959360e-02
-2.979999999999999793e-04	2.226877107792231969e-01	1.360589176683259238e-02
-2.970000000000000092e-04	2.300530435102892124e-01	2.852069762362059724e-02
-2.959999999999999849e-04	2.447837089724212434e-01	6.148488838438589954e-03
-2.949999999999999606e-04	2.668797071656193176e-01	3.597810055201459967e-02
-2.939999999999999905e-04	2.852930389932843425e-01	2.419787374241588740e-03
-2.929999999999999662e-04	3.073890371864824167e-01	2.419787374241588740e-03
-2.919999999999999961e-04	3.184370362830814538e-01	-1.995242141094041854e-02
-2.909999999999999718e-04	3.552636999384115035e-01	6.148488838438589954e-03
-2.900000000000000017e-04	3.478983672073455158e-01	6.148488838438589954e-03
-2.889999999999999774e-04	4.141863617869396830e-01	-1.308914089955412474e-03
-2.880000000000000073e-04	3.920903635937416087e-01	1.360589176683259238e-02
-2.869999999999999830e-04	4.252343608835386646e-01	6.148488838438589954e-03
-2.860000000000000129e-04	4.510130254422697327e-01	1.360589176683259238e-02
-2.849999999999999886e-04	5.173010200218639554e-01	-1.308914089955412474e-03
-2.839999999999999643e-04	4.988876881941988750e-01	1.360589176683259238e-02
-2.829999999999999942e-04	5.025703545597319799e-01	1.733459323102959360e-02
-2.819999999999999699e-04	5.209836863873968937e-01	9.877190302635591168e-03
-2.809999999999999998e-04	5.283490191184629925e-01	1.360589176683259238e-02
-2.799999999999999755e-04	5.762236818703920793e-01	-1.308914089955412474e-03
-2.790000000000000054e-04	6.093676791601891907e-01	1.360589176683259238e-02
-2.779999999999999811e-04	6.130503455257221290e-01	-1.308914089955412474e-03
-2.770000000000000110e-04	6.240983446223211661e-01	2.852069762362059724e-02
-2.759999999999999867e-04	6.351463437189202033e-01	-1.308914089955412474e-03
-2.749999999999999624e-04	6.867036728363822284e-01	-1.622371994674341733e-02
-2.739999999999999923e-04	6.940690055674483272e-01	2.419787374241588740e-03
-2.729999999999999680e-04	7.161650037606464014e-01	2.419787374241588740e-03
-2.719999999999999979e-04	7.456263346849105744e-01	3.597810055201459967e-02
-2.709999999999999735e-04	7.529916674159764511e-01	1.360589176683259238e-02
-2.700000000000000035e-04	7.787703319747074637e-01	-5.037615554152413688e-03
-2.689999999999999791e-04	8.082316628989716367e-01	9.877190302635591168e-03
-2.680000000000000090e-04	8.192796619955706738e-01	1.360589176683259238e-02
-2.669999999999999847e-04	8.266449947266367726e-01	1.733459323102959360e-02
-2.660000000000000146e-04	8.708369911130326990e-01	-1.308914089955412474e-03
-2.649999999999999903e-04	8.745196574785658594e-01	6.148488838438589954e-03
-2.639999999999999660e-04	8.929329893062307733e-01	6.148488838438589954e-03
-2.629999999999999959e-04	9.187116538649620079e-01	1.733459323102959360e-02
-2.619999999999999716e-04	9.371249856926269217e-01	6.148488838438589954e-03
-2.610000000000000015e-04	9.592209838858249960e-01	1.733459323102959360e-02
-2.599999999999999772e-04	9.776343157134901318e-01	1.360589176683259238e-02
-2.590000000000000071e-04	9.923649811756221073e-01	1.360589176683259238e-02
-2.579999999999999828e-04	9.960476475411550457e-01	2.419787374241588740e-03
-2.570000000000000127e-04	-9.631308589224056860e-01	-1.308914089955412474e-03
-2.559999999999999884e-04	-9.520828598258066489e-01	2.419787374241588740e-03
-2.549999999999999641e-04	-9.299868616326085746e-01	-5.037615554152413688e-03
-2.539999999999999940e-04	-9.226215289015426979e-01	9.877190302635591168e-03
-2.529999999999999697e-04	-8.857948652462124262e-01	-8.766317018349414902e-03
-2.519999999999999996e-04	-9.005255307083446237e-01	-8.766317018349414902e-03
-2.509999999999999753e-04	-8.710641997840804507e-01	-5.037615554152413688e-03
-2.500000000000000052e-04	-8.489682015908823765e-01	-8.766317018349414902e-03
-2.489999999999999809e-04	-8.121415379355523267e-01	-2.368112287513741976e-02
-2.480000000000000108e-04	-8.452855352253494381e-01	2.419787374241588740e-03
-2.469999999999999865e-04	-7.716322079146893387e-01	9.877190302635591168e-03
-2.459999999999999622e-04	-7.753148742802222770e-01	-1.308914089955412474e-03
-2.449999999999999921e-04	-7.458535433559581040e-01	-5.037615554152413688e-03
-2.439999999999999949e-04	-7.163922124316941531e-01	-5.037615554152413688e-03
-2.429999999999999977e-04	-7.053442133350951160e-01	-1.308914089955412474e-03
-2.420000000000000005e-04	-6.722002160452980046e-01	2.419787374241588740e-03
-2.409999999999999762e-04	-6.574695505831660292e-01	6.148488838438589954e-03
-2.399999999999999790e-04	-6.353735523899679549e-01	6.148488838438589954e-03
-2.389999999999999818e-04	-6.390562187555008933e-01	-1.249501848254641612e-02
-2.379999999999999846e-04	-6.243255532933689178e-01	-1.308914089955412474e-03
-2.369999999999999874e-04	-5.764508905414398310e-01	-8.766317018349414902e-03
-2.359999999999999902e-04	-5.690855578103737322e-01	-8.766317018349414902e-03
-2.349999999999999930e-04	-5.433068932516427196e-01	-5.037615554152413688e-03
-2.339999999999999958e-04	-5.175282286929117070e-01	1.733459323102959360e-02
-2.329999999999999986e-04	-4.843842314031145402e-01	-1.622371994674341733e-02
-2.320000000000000014e-04	-4.917495641341805834e-01	1.360589176683259238e-02
-2.309999999999999771e-04	-4.475575677477844350e-01	2.419787374241588740e-03
-2.299999999999999799e-04	-4.254615695545864162e-01	-8.766317018349414902e-03
-2.289999999999999826e-04	-4.254615695545864162e-01	9.877190302635591168e-03
-2.279999999999999854e-04	-3.960002386303223543e-01	2.419787374241588740e-03
-2.269999999999999882e-04	-3.996829049958553481e-01	2.419787374241588740e-03
-2.259999999999999910e-04	-3.775869068026572739e-01	2.106329469522659481e-02
-2.249999999999999938e-04	-3.370775767817941748e-01	-5.037615554152413688e-03
-2.239999999999999966e-04	-3.260295776851951377e-01	9.877190302635591168e-03
-2.229999999999999994e-04	-3.149815785885961561e-01	-1.308914089955412474e-03
-2.220000000000000022e-04	-2.781549149332660509e-01	-1.622371994674341733e-02
-2.209999999999999779e-04	-2.413282512779359457e-01	1.360589176683259238e-02
-2.199999999999999807e-04	-2.671069158366670138e-01	2.419787374241588740e-03
-2.189999999999999835e-04	-2.450109176434689673e-01	2.106329469522659481e-02
-2.179999999999999863e-04	-2.081842539881388621e-01	6.148488838438589954e-03
-2.169999999999999891e-04	-1.897709221604738095e-01	1.360589176683259238e-02
-2.159999999999999919e-04	-1.529442585051437320e-01	9.877190302635591168e-03
-2.149999999999999947e-04	-1.382135930430117010e-01	-1.308914089955412474e-03
-2.139999999999999975e-04	-1.271655939464126639e-01	9.877190302635591168e-03
-2.130000000000000003e-04	-1.013869293876816097e-01	-1.308914089955412474e-03
-2.120000000000000031e-04	-4.246426753915345798e-02	6.148488838438589954e-03
-2.109999999999999788e-04	-7.929093119448354932e-02	2.106329469522659481e-02
-2.099999999999999816e-04	-3.141626844255443474e-02	6.148488838438589954e-03
-2.089999999999999844e-04	-2.036826934595540456e-02	4.343550348040860209e-02
-2.079999999999999872e-04	9.093061578308667819e-03	2.419787374241588740e-03
-2.069999999999999900e-04	2.750639340597371349e-02	1.360589176683259238e-02
-2.059999999999999928e-04	5.328505796470477812e-02	9.877190302635591168e-03
-2.049999999999999956e-04	4.591972523363875569e-02	9.877190302635591168e-03
-2.039999999999999984e-04	7.906372252343583928e-02	2.479199615942359602e-02
-2.030000000000000012e-04	1.195730525442989384e-01	1.733459323102959360e-02
-2.020000000000000040e-04	1.232557189098319461e-01	6.148488838438589954e-03
-2.009999999999999797e-04	1.490343834685630142e-01	9.877190302635591168e-03
-1.999999999999999825e-04	1.784957143928270762e-01	1.360589176683259238e-02
-1.989999999999999853e-04	1.711303816617610607e-01	2.479199615942359602e-02
-1.979999999999999881e-04	1.969090462204921288e-01	-8.766317018349414902e-03
-1.969999999999999909e-04	2.226877107792231969e-01	9.877190302635591168e-03
-1.959999999999999937e-04	2.558317080690202805e-01	1.733459323102959360e-02
-1.949999999999999965e-04	2.595143744345532744e-01	2.852069762362059724e-02
-1.939999999999999993e-04	2.926583717243503857e-01	-1.995242141094041854e-02
-1.930000000000000021e-04	3.147543699175484044e-01	2.106329469522659481e-02
-1.920000000000000049e-04	3.405330344762794725e-01	1.360589176683259238e-02
-1.909999999999999806e-04	3.478983672073455158e-01	2.419787374241588740e-03
-1.899999999999999834e-04	3.515810335728785097e-01	6.148488838438589954e-03
-1.889999999999999862e-04	3.736770317660765839e-01	6.148488838438589954e-03
-1.879999999999999890e-04	4.141863617869396830e-01	6.148488838438589954e-03
-1.869999999999999917e-04	4.399650263456707511e-01	-1.308914089955412474e-03
-1.859999999999999945e-04	4.473303590767367388e-01	9.877190302635591168e-03
-1.849999999999999973e-04	4.731090236354678069e-01	1.360589176683259238e-02
-1.840000000000000001e-04	4.988876881941988750e-01	-1.995242141094041854e-02
-1.830000000000000029e-04	5.246663527529298321e-01	-1.308914089955412474e-03
-1.819999999999999786e-04	5.173010200218639554e-01	6.148488838438589954e-03
-1.809999999999999814e-04	5.430796845805949680e-01	-1.308914089955412474e-03
-1.799999999999999842e-04	5.651756827737930422e-01	-1.249501848254641612e-02
-1.789999999999999870e-04	6.020023464291230919e-01	1.360589176683259238e-02
-1.779999999999999898e-04	5.946370136980572152e-01	2.419787374241588740e-03
-1.769999999999999926e-04	6.351463437189202033e-01	9.877190302635591168e-03
-1.759999999999999954e-04	6.572423419121182775e-01	6.148488838438589954e-03
-1.749999999999999982e-04	6.867036728363822284e-01	1.360589176683259238e-02
-1.740000000000000010e-04	6.940690055674483272e-01	6.148488838438589954e-03
-1.730000000000000038e-04	7.235303364917125002e-01	2.479199615942359602e-02
-1.719999999999999795e-04	7.419436683193774140e-01	1.733459323102959360e-02
-1.709999999999999823e-04	7.493090010504435128e-01	9.877190302635591168e-03
-1.699999999999999851e-04	7.787703319747074637e-01	1.360589176683259238e-02
-1.689999999999999879e-04	7.898183310713065008e-01	1.360589176683259238e-02
-1.679999999999999907e-04	7.971836638023725996e-01	1.733459323102959360e-02
-1.669999999999999935e-04	8.082316628989716367e-01	9.877190302635591168e-03
-1.659999999999999963e-04	8.634716583819668223e-01	2.479199615942359602e-02
-1.649999999999999991e-04	8.782023238440987978e-01	-1.995242141094041854e-02
-1.640000000000000019e-04	9.076636547683629708e-01	9.877190302635591168e-03
-1.630000000000000047e-04	9.113463211338959091e-01	2.419787374241588740e-03
-1.619999999999999804e-04	9.408076520581598601e-01	1.733459323102959360e-02
-1.609999999999999832e-04	9.665863166168910947e-01	1.733459323102959360e-02
-1.599999999999999860e-04	9.629036502513579343e-01	-8.766317018349414902e-03
-1.589999999999999888e-04	1.010778313003287021e+00	2.419787374241588740e-03
-1.579999999999999916e-04	1.014460979368820182e+00	2.106329469522659481e-02
-1.569999999999999944e-04	-9.668135252879386243e-01	-5.037615554152413688e-03
-1.559999999999999972e-04	-9.631308589224056860e-01	-1.308914089955412474e-03
-1.550000000000000000e-04	-9.594481925568727476e-01	-1.622371994674341733e-02
-1.540000000000000028e-04	-9.189388625360095375e-01	-8.766317018349414902e-03
-1.530000000000000056e-04	-9.042081970738775620e-01	-5.037615554152413688e-03
-1.519999999999999813e-04	-8.821121988806794878e-01	-1.622371994674341733e-02
-1.509999999999999841e-04	-8.673815334185475123e-01	-5.037615554152413688e-03
-1.499999999999999869e-04	-8.526508679564155369e-01	9.877190302635591168e-03
-1.489999999999999897e-04	-8.121415379355523267e-01	1.733459323102959360e-02
-1.479999999999999925e-04	-8.010935388389532896e-01	-1.308914089955412474e-03
-1.469999999999999953e-04	-7.753148742802222770e-01	-1.308914089955412474e-03
-1.459999999999999981e-04	-7.716322079146893387e-01	-1.308914089955412474e-03
-1.450000000000000009e-04	-7.495362097214912644e-01	-5.037615554152413688e-03
-1.440000000000000036e-04	-7.163922124316941531e-01	-1.622371994674341733e-02
-1.430000000000000064e-04	-7.127095460661612147e-01	-1.995242141094041854e-02
-1.419999999999999821e-04	-6.869308815074299801e-01	-5.037615554152413688e-03
-1.409999999999999849e-04	-6.758828824108309430e-01	-1.308914089955412474e-03
-1.399999999999999877e-04	-6.574695505831660292e-01	1.733459323102959360e-02
-1.389999999999999905e-04	-6.280082196589018562e-01	-5.037615554152413688e-03
-1.379999999999999933e-04	-6.095948878312369423e-01	6.148488838438589954e-03
-1.369999999999999961e-04	-5.690855578103737322e-01	2.106329469522659481e-02
-1.359999999999999989e-04	-5.580375587137746951e-01	1.360589176683259238e-02
-1.350000000000000017e-04	-5.506722259827088184e-01	-1.308914089955412474e-03
-1.340000000000000045e-04	-5.469895596171756580e-01	9.877190302635591168e-03
-1.330000000000000073e-04	-5.138455623273785466e-01	-5.037615554152413688e-03
-1.319999999999999830e-04	-4.843842314031145402e-01	-5.037615554152413688e-03
-1.309999999999999858e-04	-4.696535659409825092e-01	6.148488838438589954e-03
-1.299999999999999886e-04	-4.401922350167184472e-01	2.419787374241588740e-03
-1.289999999999999914e-04	-4.254615695545864162e-01	-5.037615554152413688e-03
-1.279999999999999942e-04	-4.180962368235203730e-01	2.419787374241588740e-03
-1.269999999999999970e-04	-3.775869068026572739e-01	-1.622371994674341733e-02
-1.259999999999999998e-04	-3.518082422439262058e-01	2.479199615942359602e-02
-1.250000000000000026e-04	-3.333949104162611810e-01	6.148488838438589954e-03
-1.240000000000000054e-04	-3.186642449541291500e-01	9.877190302635591168e-03
-1.229999999999999811e-04	-3.223469113196621438e-01	9.877190302635591168e-03
-1.219999999999999974e-04	-2.928855803953980819e-01	6.148488838438589954e-03
-1.210000000000000002e-04	-2.707895822022000076e-01	9.877190302635591168e-03
-1.199999999999999895e-04	-2.486935840090019889e-01	6.148488838438589954e-03
-1.189999999999999923e-04	-2.081842539881388621e-01	2.419787374241588740e-03
-1.179999999999999951e-04	-1.676749239672757630e-01	6.148488838438589954e-03
-1.169999999999999979e-04	-1.750402566983417785e-01	-5.037615554152413688e-03
-1.160000000000000007e-04	-1.492615921396107104e-01	2.106329469522659481e-02
-1.149999999999999899e-04	-1.455789257740777165e-01	2.852069762362059724e-02
-1.139999999999999927e-04	-1.087522621187476252e-01	6.148488838438589954e-03
-1.129999999999999955e-04	-1.050695957532146174e-01	2.479199615942359602e-02
-1.119999999999999983e-04	-7.929093119448354932e-02	2.419787374241588740e-03
-1.110000000000000011e-04	-5.719493300128549590e-02	-1.308914089955412474e-03
-1.099999999999999904e-04	-2.773360207702142352e-02	1.733459323102959360e-02
-1.089999999999999932e-04	-3.141626844255443474e-02	6.148488838438589954e-03
-1.079999999999999960e-04	1.277572794384167557e-02	-5.037615554152413688e-03
-1.069999999999999988e-04	1.645839430937468678e-02	2.479199615942359602e-02
-1.060000000000000016e-04	3.118905977150672124e-02	1.360589176683259238e-02
-1.049999999999999908e-04	8.642905525450185478e-02	3.224939908781759845e-02
-1.039999999999999936e-04	7.906372252343583928e-02	-1.308914089955412474e-03
-1.029999999999999964e-04	1.122077198132329229e-01	6.148488838438589954e-03
-1.019999999999999992e-04	1.269383852753649677e-01	2.419787374241588740e-03
-1.010000000000000020e-04	1.306210516408979616e-01	9.877190302635591168e-03
-9.999999999999999124e-05	1.600823825651620513e-01	2.419787374241588740e-03
-9.899999999999999404e-05	1.748130480272940823e-01	3.597810055201459967e-02
-9.799999999999999684e-05	2.079570453170911659e-01	2.106329469522659481e-02
-9.699999999999999963e-05	2.153223780481571814e-01	1.360589176683259238e-02
-9.600000000000000243e-05	2.484663753379542650e-01	6.148488838438589954e-03
-9.499999999999999168e-05	2.668797071656193176e-01	9.877190302635591168e-03
-9.399999999999999448e-05	3.000237044554163734e-01	2.479199615942359602e-02
-9.299999999999999727e-05	3.037063708209493673e-01	-1.995242141094041854e-02
-9.200000000000000007e-05	3.073890371864824167e-01	-5.037615554152413688e-03
-9.099999999999998932e-05	3.626290326694775468e-01	1.360589176683259238e-02
-8.999999999999999212e-05	3.478983672073455158e-01	9.877190302635591168e-03
-8.899999999999999491e-05	3.920903635937416087e-01	1.733459323102959360e-02
-8.799999999999999771e-05	4.105036954214066336e-01	-5.037615554152413688e-03
-8.700000000000000051e-05	4.215516945180056707e-01	9.877190302635591168e-03
-8.599999999999998976e-05	4.399650263456707511e-01	3.970680201621160088e-02
-8.499999999999999255e-05	4.731090236354678069e-01	9.877190302635591168e-03
-8.399999999999999535e-05	4.878396890975998379e-01	2.419787374241588740e-03
-8.299999999999999815e-05	5.136183536563310170e-01	1.733459323102959360e-02
-8.200000000000000095e-05	5.283490191184629925e-01	9.877190302635591168e-03
-8.099999999999999019e-05	5.357143518495288692e-01	9.877190302635591168e-03
-7.999999999999999299e-05	5.762236818703920793e-01	-1.308914089955412474e-03
-7.899999999999999579e-05	5.872716809669911164e-01	1.360589176683259238e-02
-7.799999999999999859e-05	6.240983446223211661e-01	-8.766317018349414902e-03
-7.700000000000000139e-05	6.461943428155192404e-01	2.419787374241588740e-03
-7.599999999999999063e-05	6.461943428155192404e-01	1.733459323102959360e-02
-7.499999999999999343e-05	6.609250082776512158e-01	1.360589176683259238e-02
-7.399999999999999623e-05	7.051170046640473643e-01	1.733459323102959360e-02
-7.299999999999999903e-05	7.272130028572454385e-01	-8.766317018349414902e-03
-7.200000000000000182e-05	7.566743337815096115e-01	6.148488838438589954e-03
-7.099999999999999107e-05	7.529916674159764511e-01	-1.249501848254641612e-02
-6.999999999999999387e-05	7.677223328781084266e-01	-1.308914089955412474e-03
-6.899999999999999667e-05	7.677223328781084266e-01	-1.308914089955412474e-03
-6.799999999999999946e-05	8.082316628989716367e-01	-5.037615554152413688e-03
-6.700000000000000226e-05	8.450583265543016864e-01	6.148488838438589954e-03
-6.599999999999999151e-05	8.597889920164336619e-01	1.733459323102959360e-02
-6.499999999999999431e-05	8.671543247474997607e-01	-8.766317018349414902e-03
-6.399999999999999710e-05	8.892503229406978349e-01	1.733459323102959360e-02
-6.299999999999999990e-05	9.187116538649620079e-01	9.877190302635591168e-03
-6.200000000000000270e-05	9.518556511547588972e-01	1.360589176683259238e-02
-6.099999999999999872e-05	9.665863166168910947e-01	9.877190302635591168e-03
-5.999999999999999474e-05	9.629036502513579343e-01	1.733459323102959360e-02
-5.899999999999999754e-05	9.776343157134901318e-01	-2.368112287513741976e-02
-5.800000000000000034e-05	1.010778313003287021e+00	2.852069762362059724e-02
-5.699999999999999636e-05	-9.852268571156037602e-01	9.877190302635591168e-03
-5.599999999999999916e-05	-9.631308589224056860e-01	-2.368112287513741976e-02
-5.499999999999999518e-05	-9.410348607292076117e-01	-5.037615554152413688e-03
-5.399999999999999798e-05	-9.115735298049436608e-01	2.419787374241588740e-03
-5.300000000000000078e-05	-9.005255307083446237e-01	2.419787374241588740e-03
-5.199999999999999680e-05	-8.931601979772785249e-01	-8.766317018349414902e-03
-5.099999999999999960e-05	-8.600162006874814136e-01	-1.308914089955412474e-03
-4.999999999999999562e-05	-8.526508679564155369e-01	-5.037615554152413688e-03
-4.899999999999999842e-05	-8.084588715700193884e-01	-1.308914089955412474e-03
-4.800000000000000122e-05	-8.047762052044862280e-01	-1.249501848254641612e-02
-4.699999999999999724e-05	-7.974108724734203513e-01	6.148488838438589954e-03
-4.600000000000000004e-05	-7.605842088180903016e-01	1.733459323102959360e-02
-4.499999999999999606e-05	-7.532188760870242028e-01	2.106329469522659481e-02
-4.399999999999999886e-05	-7.348055442593590669e-01	9.877190302635591168e-03
-4.299999999999999488e-05	-7.163922124316941531e-01	9.877190302635591168e-03
-4.199999999999999768e-05	-6.979788806040290172e-01	9.877190302635591168e-03
-4.100000000000000047e-05	-6.574695505831660292e-01	9.877190302635591168e-03
-3.999999999999999650e-05	-6.501042178520999304e-01	-8.766317018349414902e-03
-3.899999999999999929e-05	-6.390562187555008933e-01	2.106329469522659481e-02
-3.799999999999999532e-05	-6.206428869278359794e-01	2.419787374241588740e-03
-3.699999999999999811e-05	-5.911815560035718065e-01	2.419787374241588740e-03
-3.600000000000000091e-05	-5.580375587137746951e-01	-1.249501848254641612e-02
-3.499999999999999693e-05	-5.617202250793076335e-01	1.733459323102959360e-02
-3.399999999999999973e-05	-5.359415605205766209e-01	6.148488838438589954e-03
-3.299999999999999575e-05	-5.138455623273785466e-01	1.733459323102959360e-02
-3.199999999999999855e-05	-5.064802295963126699e-01	9.877190302635591168e-03
-3.100000000000000135e-05	-4.475575677477844350e-01	-5.037615554152413688e-03
-2.999999999999999737e-05	-4.622882332099164659e-01	1.733459323102959360e-02
-2.900000000000000017e-05	-4.217789031890533669e-01	-8.766317018349414902e-03
-2.799999999999999958e-05	-3.996829049958553481e-01	-1.308914089955412474e-03
-2.699999999999999899e-05	-3.739042404371242800e-01	-1.308914089955412474e-03
-2.599999999999999840e-05	-3.591735749749922491e-01	2.419787374241588740e-03
-2.499999999999999781e-05	-3.370775767817941748e-01	-2.368112287513741976e-02
-2.400000000000000061e-05	-3.149815785885961561e-01	-1.308914089955412474e-03
-2.300000000000000002e-05	-3.149815785885961561e-01	1.360589176683259238e-02
-2.199999999999999943e-05	-2.597415831056009705e-01	2.419787374241588740e-03
-2.099999999999999884e-05	-2.597415831056009705e-01	-1.308914089955412474e-03
-1.999999999999999825e-05	-2.265975858158039147e-01	6.148488838438589954e-03
-1.899999999999999766e-05	-2.081842539881388621e-01	-1.622371994674341733e-02
-1.800000000000000046e-05	-1.676749239672757630e-01	-1.249501848254641612e-02
-1.699999999999999987e-05	-1.860882557949408156e-01	2.419787374241588740e-03
-1.599999999999999928e-05	-1.639922576017427691e-01	-1.308914089955412474e-03
-1.499999999999999869e-05	-1.455789257740777165e-01	2.419787374241588740e-03
-1.399999999999999979e-05	-1.050695957532146174e-01	1.733459323102959360e-02
-1.299999999999999920e-05	-1.124349284842806329e-01	-5.037615554152413688e-03
-1.200000000000000030e-05	-7.192559846341753382e-02	-1.995242141094041854e-02
-1.099999999999999971e-05	-6.824293209788452608e-02	2.419787374241588740e-03
-9.999999999999999124e-06	-5.719493300128549590e-02	1.360589176683259238e-02
-9.000000000000000228e-06	-1.954937518290360190e-03	-1.995242141094041854e-02
-7.999999999999999638e-06	1.727728847242648857e-03	2.419787374241588740e-03
-6.999999999999999895e-06	2.382372704044070227e-02	2.419787374241588740e-03
-6.000000000000000152e-06	6.433305706130380830e-02	-1.308914089955412474e-03
-4.999999999999999562e-06	5.696772433023778587e-02	6.148488838438589954e-03
-3.999999999999999819e-06	9.747705435110087802e-02	1.360589176683259238e-02
-3.000000000000000076e-06	1.158903861787659306e-01	6.148488838438589954e-03
-1.999999999999999909e-06	1.122077198132329229e-01	2.852069762362059724e-02
-9.999999999999999547e-07	1.416690507374969987e-01	9.877190302635591168e-03
0.000000000000000000e+00	1.527170498340960081e-01	6.148488838438589954e-03
9.999999999999999547e-07	1.895437134894261133e-01	2.419787374241588740e-03
1.999999999999999909e-06	1.895437134894261133e-01	1.360589176683259238e-02
3.000000000000000076e-06	2.447837089724212434e-01	2.419787374241588740e-03
3.999999999999999819e-06	2.631970408000862682e-01	6.148488838438589954e-03
4.999999999999999562e-06	2.631970408000862682e-01	-5.037615554152413688e-03
6.000000000000000152e-06	2.705623735311523115e-01	9.877190302635591168e-03
6.999999999999999895e-06	3.184370362830814538e-01	1.360589176683259238e-02
7.999999999999999638e-06	3.294850353796804354e-01	2.106329469522659481e-02
9.000000000000000228e-06	3.515810335728785097e-01	1.733459323102959360e-02
9.999999999999999124e-06	3.663116990350105406e-01	9.877190302635591168e-03
1.099999999999999971e-05	3.847250308626755655e-01	1.360589176683259238e-02
1.200000000000000030e-05	4.105036954214066336e-01	1.360589176683259238e-02
1.299999999999999920e-05	4.399650263456707511e-01	2.419787374241588740e-03
1.399999999999999979e-05	4.546956918078027821e-01	6.148488838438589954e-03
1.499999999999999869e-05	4.731090236354678069e-01	1.360589176683259238e-02
1.599999999999999928e-05	4.731090236354678069e-01	9.877190302635591168e-03
1.699999999999999987e-05	5.099356872907978566e-01	-1.249501848254641612e-02
1.800000000000000046e-05	5.320316854839959309e-01	-5.037615554152413688e-03
1.899999999999999766e-05	5.430796845805949680e-01	2.419787374241588740e-03
1.999999999999999825e-05	5.614930164082601038e-01	-8.766317018349414902e-03
2.099999999999999884e-05	5.872716809669911164e-01	-5.037615554152413688e-03
2.199999999999999943e-05	6.056850127946560303e-01	1.360589176683259238e-02
2.300000000000000002e-05	6.351463437189202033e-01	3.224939908781759845e-02
2.400000000000000061e-05	6.719730073742502530e-01	1.733459323102959360e-02
2.499999999999999781e-05	6.609250082776512158e-01	6.148488838438589954e-03
2.599999999999999840e-05	7.014343382985144260e-01	2.419787374241588740e-03
2.699999999999999899e-05	7.198476701261793398e-01	-5.037615554152413688e-03
2.799999999999999958e-05	7.161650037606464014e-01	2.106329469522659481e-02
2.900000000000000017e-05	7.640396665125754883e-01	6.148488838438589954e-03
2.999999999999999737e-05	7.714049992436415870e-01	2.479199615942359602e-02
3.100000000000000135e-05	8.008663301679055380e-01	-1.249501848254641612e-02
3.199999999999999855e-05	8.155969956300377355e-01	2.479199615942359602e-02
3.299999999999999575e-05	8.303276610921697110e-01	9.877190302635591168e-03
3.399999999999999973e-05	8.561063256509007235e-01	9.877190302635591168e-03
3.499999999999999693e-05	8.634716583819668223e-01	2.479199615942359602e-02
3.600000000000000091e-05	9.076636547683629708e-01	2.419787374241588740e-03
3.699999999999999811e-05	9.187116538649620079e-01	2.479199615942359602e-02
3.799999999999999532e-05	9.223943202304949462e-01	-1.308914089955412474e-03
3.899999999999999929e-05	9.555383175202920576e-01	1.360589176683259238e-02
3.999999999999999650e-05	9.739516493479569714e-01	3.597810055201459967e-02
4.100000000000000047e-05	9.886823148100891689e-01	2.419787374241588740e-03
4.199999999999999768e-05	1.018143645734353120e+00	2.419787374241588740e-03
4.299999999999999488e-05	-9.741788580190047231e-01	-1.622371994674341733e-02
4.399999999999999886e-05	-9.668135252879386243e-01	-1.308914089955412474e-03
4.499999999999999606e-05	-9.447175270947407721e-01	-8.766317018349414902e-03
4.600000000000000004e-05	-9.336695279981417350e-01	-1.622371994674341733e-02
4.699999999999999724e-05	-8.931601979772785249e-01	9.877190302635591168e-03
4.800000000000000122e-05	-8.784295325151465494e-01	-8.766317018349414902e-03
4.899999999999999842e-05	-8.636988670530145740e-01	6.148488838438589954e-03
4.999999999999999562e-05	-8.563335343219484752e-01	-8.766317018349414902e-03
5.099999999999999960e-05	-8.379202024942833393e-01	-8.766317018349414902e-03
5.199999999999999680e-05	-7.937282061078874129e-01	2.419787374241588740e-03
5.300000000000000078e-05	-7.974108724734203513e-01	-1.308914089955412474e-03
5.399999999999999798e-05	-7.753148742802222770e-01	-8.766317018349414902e-03
5.499999999999999518e-05	-7.384882106248922273e-01	2.852069762362059724e-02
5.599999999999999916e-05	-7.348055442593590669e-01	1.360589176683259238e-02
5.699999999999999636e-05	-7.016615469695621776e-01	-1.308914089955412474e-03
5.800000000000000034e-05	-7.163922124316941531e-01	-1.308914089955412474e-03
5.899999999999999754e-05	-6.611522169486989675e-01	-8.766317018349414902e-03
5.999999999999999474e-05	-6.390562187555008933e-01	3.224939908781759845e-02
6.099999999999999872e-05	-6.280082196589018562e-01	2.419787374241588740e-03
6.200000000000000270e-05	-6.243255532933689178e-01	2.852069762362059724e-02
6.299999999999999990e-05	-5.727682241759066706e-01	-8.766317018349414902e-03
6.399999999999999710e-05	-5.433068932516427196e-01	2.479199615942359602e-02
6.499999999999999431e-05	-5.469895596171756580e-01	-1.249501848254641612e-02
6.599999999999999151e-05	-5.212108950584446454e-01	9.877190302635591168e-03
6.700000000000000226e-05	-5.101628959618456083e-01	6.148488838438589954e-03
6.799999999999999946e-05	-5.027975632307795095e-01	2.479199615942359602e-02
6.899999999999999667e-05	-4.475575677477844350e-01	9.877190302635591168e-03
6.999999999999999387e-05	-4.586055668443834721e-01	-5.037615554152413688e-03
7.099999999999999107e-05	-4.144135704579873791e-01	1.733459323102959360e-02
7.200000000000000182e-05	-4.070482377269213359e-01	9.877190302635591168e-03
7.299999999999999903e-05	-3.923175722647893049e-01	-5.037615554152413688e-03
7.399999999999999623e-05	-3.923175722647893049e-01	2.479199615942359602e-02
7.499999999999999343e-05	-3.591735749749922491e-01	-8.766317018349414902e-03
7.599999999999999063e-05	-3.223469113196621438e-01	-8.766317018349414902e-03
7.700000000000000139e-05	-3.297122440507281871e-01	6.148488838438589954e-03
7.799999999999999859e-05	-2.744722485677330570e-01	1.360589176683259238e-02
7.899999999999999579e-05	-2.560589167400679766e-01	2.852069762362059724e-02
7.999999999999999299e-05	-2.523762503745349828e-01	9.877190302635591168e-03
8.099999999999999019e-05	-2.008189212570728466e-01	1.360589176683259238e-02
8.200000000000000095e-05	-2.118669203536718837e-01	6.148488838438589954e-03
8.299999999999999815e-05	-1.713575903328087846e-01	9.877190302635591168e-03
8.399999999999999535e-05	-1.382135930430117010e-01	-5.037615554152413688e-03
8.499999999999999255e-05	-1.455789257740777165e-01	6.148488838438589954e-03
8.599999999999998976e-05	-1.271655939464126639e-01	-1.308914089955412474e-03
8.700000000000000051e-05	-1.124349284842806329e-01	-1.308914089955412474e-03
8.799999999999999771e-05	-8.665626392554956481e-02	6.148488838438589954e-03
8.899999999999999491e-05	-5.351226663575248815e-02	-1.308914089955412474e-03
8.999999999999999212e-05	-2.405093571148841577e-02	6.148488838438589954e-03
9.099999999999998932e-05	-1.954937518290360190e-03	2.419787374241588740e-03
9.200000000000000007e-05	1.727728847242648857e-03	9.877190302635591168e-03
9.299999999999999727e-05	9.093061578308667819e-03	6.148488838438589954e-03
9.399999999999999448e-05	2.382372704044070227e-02	2.419787374241588740e-03
9.499999999999999168e-05	6.065039069577079361e-02	-5.037615554152413688e-03
9.600000000000000243e-05	9.011172162003486252e-02	2.106329469522659481e-02
9.699999999999999963e-05	1.011597207166338996e-01	1.733459323102959360e-02
9.799999999999999684e-05	1.122077198132329229e-01	2.852069762362059724e-02
9.899999999999999404e-05	1.343037180064309832e-01	3.970680201621160088e-02
9.999999999999999124e-05	1.784957143928270762e-01	6.148488838438589954e-03
1.010000000000000020e-04	1.674477152962280668e-01	2.419787374241588740e-03
1.019999999999999992e-04	1.969090462204921288e-01	-5.037615554152413688e-03
1.029999999999999964e-04	2.079570453170911659e-01	6.148488838438589954e-03
1.039999999999999936e-04	2.300530435102892124e-01	2.106329469522659481e-02
1.049999999999999908e-04	2.521490417034872866e-01	9.877190302635591168e-03
1.060000000000000016e-04	2.926583717243503857e-01	6.148488838438589954e-03
1.069999999999999988e-04	3.258023690141474416e-01	2.419787374241588740e-03
1.079999999999999960e-04	3.221197026486144477e-01	2.419787374241588740e-03
1.089999999999999932e-04	3.552636999384115035e-01	-1.308914089955412474e-03
1.099999999999999904e-04	3.663116990350105406e-01	6.148488838438589954e-03
1.110000000000000011e-04	3.663116990350105406e-01	-8.766317018349414902e-03
1.119999999999999983e-04	4.031383626903406459e-01	1.733459323102959360e-02
1.129999999999999955e-04	4.325996936146047078e-01	6.148488838438589954e-03
1.139999999999999927e-04	4.510130254422697327e-01	1.733459323102959360e-02
1.149999999999999899e-04	4.804743563665338502e-01	1.733459323102959360e-02
1.160000000000000007e-04	4.878396890975998379e-01	1.733459323102959360e-02
1.169999999999999979e-04	5.320316854839959309e-01	-1.308914089955412474e-03
1.179999999999999951e-04	5.357143518495288692e-01	1.360589176683259238e-02
1.189999999999999923e-04	5.541276836771940051e-01	1.360589176683259238e-02
1.199999999999999895e-04	5.725410155048591410e-01	2.106329469522659481e-02
1.210000000000000002e-04	5.983196800635901536e-01	1.733459323102959360e-02
1.219999999999999974e-04	6.130503455257221290e-01	6.148488838438589954e-03
1.229999999999999811e-04	6.277810109878541045e-01	9.877190302635591168e-03
1.240000000000000054e-04	6.609250082776512158e-01	-1.308914089955412474e-03
1.250000000000000026e-04	6.830210064708492901e-01	1.733459323102959360e-02
1.259999999999999998e-04	7.087996710295803027e-01	-5.037615554152413688e-03
1.269999999999999970e-04	6.903863392019153888e-01	2.419787374241588740e-03
1.279999999999999942e-04	7.493090010504435128e-01	1.360589176683259238e-02
1.289999999999999914e-04	7.529916674159764511e-01	6.148488838438589954e-03
1.299999999999999886e-04	7.861356647057735625e-01	2.852069762362059724e-02
1.309999999999999858e-04	7.971836638023725996e-01	-1.249501848254641612e-02
1.319999999999999830e-04	8.413756601887687481e-01	-8.766317018349414902e-03
1.330000000000000073e-04	8.561063256509007235e-01	1.733459323102959360e-02
1.340000000000000045e-04	8.450583265543016864e-01	3.224939908781759845e-02
1.350000000000000017e-04	8.524236592853677852e-01	-1.308914089955412474e-03
1.359999999999999989e-04	8.708369911130326990e-01	9.877190302635591168e-03
1.369999999999999961e-04	9.076636547683629708e-01	1.360589176683259238e-02
1.379999999999999933e-04	9.334423193270939834e-01	1.733459323102959360e-02
1.389999999999999905e-04	9.518556511547588972e-01	1.360589176683259238e-02
1.399999999999999877e-04	9.629036502513579343e-01	1.360589176683259238e-02
1.409999999999999849e-04	9.923649811756221073e-01	-5.037615554152413688e-03
1.419999999999999821e-04	9.997303139066882061e-01	-1.249501848254641612e-02
1.430000000000000064e-04	-9.778615243845376614e-01	1.360589176683259238e-02
1.440000000000000036e-04	-9.925921898466698590e-01	-5.037615554152413688e-03
1.450000000000000009e-04	-9.447175270947407721e-01	6.148488838438589954e-03
1.459999999999999981e-04	-9.115735298049436608e-01	6.148488838438589954e-03
1.469999999999999953e-04	-8.931601979772785249e-01	-8.766317018349414902e-03
1.479999999999999925e-04	-8.747468661496136111e-01	9.877190302635591168e-03
1.489999999999999897e-04	-8.563335343219484752e-01	2.106329469522659481e-02
1.499999999999999869e-04	-8.600162006874814136e-01	-1.249501848254641612e-02
1.509999999999999841e-04	-8.342375361287504010e-01	-1.308914089955412474e-03
1.519999999999999813e-04	-8.084588715700193884e-01	2.419787374241588740e-03
1.530000000000000056e-04	-7.789975406457552154e-01	2.419787374241588740e-03
1.540000000000000028e-04	-7.679495415491561783e-01	6.148488838438589954e-03
1.550000000000000000e-04	-7.532188760870242028e-01	-5.037615554152413688e-03
1.559999999999999972e-04	-7.421708769904251657e-01	9.877190302635591168e-03
1.569999999999999944e-04	-7.090268797006280543e-01	2.106329469522659481e-02
1.579999999999999916e-04	-6.832482151418970417e-01	-5.037615554152413688e-03
1.589999999999999888e-04	-6.722002160452980046e-01	1.360589176683259238e-02
1.599999999999999860e-04	-6.574695505831660292e-01	-1.308914089955412474e-03
1.609999999999999832e-04	-6.316908860244350166e-01	-1.249501848254641612e-02
1.619999999999999804e-04	-6.022295551001708436e-01	2.419787374241588740e-03
1.630000000000000047e-04	-5.690855578103737322e-01	-8.766317018349414902e-03
1.640000000000000019e-04	-5.911815560035718065e-01	1.733459323102959360e-02
1.649999999999999991e-04	-5.433068932516427196e-01	1.360589176683259238e-02
1.659999999999999963e-04	-5.175282286929117070e-01	1.733459323102959360e-02
1.669999999999999935e-04	-4.917495641341805834e-01	1.360589176683259238e-02
1.679999999999999907e-04	-4.991148968652466267e-01	1.733459323102959360e-02
1.689999999999999879e-04	-4.770188986720485524e-01	2.419787374241588740e-03
1.699999999999999851e-04	-4.622882332099164659e-01	1.360589176683259238e-02
1.709999999999999823e-04	-4.401922350167184472e-01	9.877190302635591168e-03
1.719999999999999795e-04	-4.033655713613883420e-01	2.419787374241588740e-03
1.730000000000000038e-04	-4.033655713613883420e-01	-1.622371994674341733e-02
1.740000000000000010e-04	-3.444429095128602181e-01	2.479199615942359602e-02
1.749999999999999982e-04	-3.370775767817941748e-01	9.877190302635591168e-03
1.759999999999999954e-04	-3.297122440507281871e-01	2.419787374241588740e-03
1.769999999999999926e-04	-2.781549149332660509e-01	6.148488838438589954e-03
1.779999999999999898e-04	-2.744722485677330570e-01	2.852069762362059724e-02
1.789999999999999870e-04	-2.781549149332660509e-01	1.360589176683259238e-02
1.799999999999999842e-04	-2.450109176434689673e-01	-8.766317018349414902e-03
1.809999999999999814e-04	-2.118669203536718837e-01	2.419787374241588740e-03
1.819999999999999786e-04	-2.081842539881388621e-01	-1.308914089955412474e-03
1.830000000000000029e-04	-1.787229230638748001e-01	9.877190302635591168e-03
1.840000000000000001e-04	-1.492615921396107104e-01	1.733459323102959360e-02
1.849999999999999973e-04	-1.382135930430117010e-01	1.360589176683259238e-02
1.859999999999999945e-04	-1.198002612153466484e-01	-1.308914089955412474e-03
1.869999999999999917e-04	-1.050695957532146174e-01	2.419787374241588740e-03
1.879999999999999890e-04	-7.929093119448354932e-02	-5.037615554152413688e-03
1.889999999999999862e-04	-7.192559846341753382e-02	9.877190302635591168e-03
1.899999999999999834e-04	-3.141626844255443474e-02	2.852069762362059724e-02
1.909999999999999806e-04	-2.036826934595540456e-02	6.148488838438589954e-03
1.920000000000000049e-04	2.382372704044070227e-02	9.877190302635591168e-03
1.930000000000000021e-04	9.093061578308667819e-03	-8.766317018349414902e-03
1.939999999999999993e-04	4.591972523363875569e-02	-1.308914089955412474e-03
1.949999999999999965e-04	5.328505796470477812e-02	-1.308914089955412474e-03
1.959999999999999937e-04	8.274638888896884703e-02	1.360589176683259238e-02
1.969999999999999909e-04	8.642905525450185478e-02	6.148488838438589954e-03
1.979999999999999881e-04	1.269383852753649677e-01	-1.308914089955412474e-03
1.989999999999999853e-04	1.490343834685630142e-01	2.479199615942359602e-02
1.999999999999999825e-04	1.784957143928270762e-01	9.877190302635591168e-03
2.009999999999999797e-04	1.711303816617610607e-01	-5.037615554152413688e-03
2.020000000000000040e-04	2.005917125860251504e-01	-1.308914089955412474e-03
2.030000000000000012e-04	2.337357098758222063e-01	-1.308914089955412474e-03
2.039999999999999984e-04	2.595143744345532744e-01	6.148488838438589954e-03
2.049999999999999956e-04	2.631970408000862682e-01	1.360589176683259238e-02
2.059999999999999928e-04	2.963410380898833796e-01	2.419787374241588740e-03
2.069999999999999900e-04	3.221197026486144477e-01	1.360589176683259238e-02
2.079999999999999872e-04	3.258023690141474416e-01	9.877190302635591168e-03
2.089999999999999844e-04	3.699943654005435345e-01	2.419787374241588740e-03
2.099999999999999816e-04	3.736770317660765839e-01	2.479199615942359602e-02
2.109999999999999788e-04	3.847250308626755655e-01	9.877190302635591168e-03
2.120000000000000031e-04	4.141863617869396830e-01	2.419787374241588740e-03
2.130000000000000003e-04	4.362823599801377017e-01	1.733459323102959360e-02
2.139999999999999975e-04	4.399650263456707511e-01	1.360589176683259238e-02
2.149999999999999947e-04	4.583783581733357759e-01	6.148488838438589954e-03
2.159999999999999919e-04	4.915223554631328318e-01	1.733459323102959360e-02
2.169999999999999891e-04	5.099356872907978566e-01	2.106329469522659481e-02
2.179999999999999863e-04	5.320316854839959309e-01	2.479199615942359602e-02
2.189999999999999835e-04	5.541276836771940051e-01	1.360589176683259238e-02
2.199999999999999807e-04	5.835890146014581781e-01	3.224939908781759845e-02
2.209999999999999779e-04	5.872716809669911164e-01	1.733459323102959360e-02
2.220000000000000022e-04	6.277810109878541045e-01	9.877190302635591168e-03
2.229999999999999994e-04	6.314636773533872649e-01	1.360589176683259238e-02
2.239999999999999966e-04	6.830210064708492901e-01	1.733459323102959360e-02
2.249999999999999938e-04	6.719730073742502530e-01	9.877190302635591168e-03
2.259999999999999910e-04	7.014343382985144260e-01	-1.249501848254641612e-02
2.269999999999999882e-04	6.977516719329812656e-01	6.148488838438589954e-03
2.279999999999999854e-04	7.529916674159764511e-01	1.360589176683259238e-02
2.289999999999999826e-04	7.640396665125754883e-01	2.106329469522659481e-02
2.299999999999999799e-04	7.787703319747074637e-01	2.106329469522659481e-02
2.309999999999999771e-04	7.935009974368396612e-01	-1.622371994674341733e-02
2.320000000000000014e-04	8.119143292645045751e-01	-1.308914089955412474e-03
2.329999999999999986e-04	8.229623283611036122e-01	9.877190302635591168e-03
2.339999999999999958e-04	8.634716583819668223e-01	2.106329469522659481e-02
2.349999999999999930e-04	8.855676565751648965e-01	-1.995242141094041854e-02
2.359999999999999902e-04	8.892503229406978349e-01	-1.308914089955412474e-03
2.369999999999999874e-04	9.076636547683629708e-01	2.106329469522659481e-02
2.379999999999999846e-04	9.297596529615608230e-01	2.852069762362059724e-02
2.389999999999999818e-04	9.665863166168910947e-01	2.852069762362059724e-02
2.399999999999999790e-04	9.776343157134901318e-01	1.733459323102959360e-02
2.409999999999999762e-04	9.923649811756221073e-01	2.852069762362059724e-02
2.420000000000000005e-04	1.003412980272221144e+00	-1.622371994674341733e-02
2.429999999999999977e-04	-9.925921898466698590e-01	1.360589176683259238e-02
2.439999999999999949e-04	-9.668135252879386243e-01	2.419787374241588740e-03
2.449999999999999921e-04	-9.520828598258066489e-01	-1.249501848254641612e-02
2.459999999999999622e-04	-9.299868616326085746e-01	-2.368112287513741976e-02
2.469999999999999865e-04	-8.784295325151465494e-01	6.148488838438589954e-03
2.480000000000000108e-04	-8.894775316117455866e-01	-1.995242141094041854e-02
2.489999999999999809e-04	-8.268722033976843022e-01	6.148488838438589954e-03
2.500000000000000052e-04	-8.563335343219484752e-01	2.419787374241588740e-03
2.509999999999999753e-04	-8.305548697632174626e-01	1.733459323102959360e-02
2.519999999999999996e-04	-7.937282061078874129e-01	9.877190302635591168e-03
2.529999999999999697e-04	-7.974108724734203513e-01	-5.037615554152413688e-03
2.539999999999999940e-04	-7.642668751836232399e-01	1.733459323102959360e-02
2.549999999999999641e-04	-7.532188760870242028e-01	-1.622371994674341733e-02
2.559999999999999884e-04	-7.384882106248922273e-01	1.733459323102959360e-02
2.570000000000000127e-04	-7.311228778938261286e-01	6.148488838438589954e-03
2.579999999999999828e-04	-6.832482151418970417e-01	2.106329469522659481e-02
2.590000000000000071e-04	-6.722002160452980046e-01	2.419787374241588740e-03
2.599999999999999772e-04	-6.464215514865669920e-01	9.877190302635591168e-03
2.610000000000000015e-04	-6.464215514865669920e-01	1.360589176683259238e-02
2.619999999999999716e-04	-5.948642223691047448e-01	9.877190302635591168e-03
2.629999999999999959e-04	-5.948642223691047448e-01	9.877190302635591168e-03
2.639999999999999660e-04	-5.838162232725057077e-01	2.419787374241588740e-03
2.649999999999999903e-04	-5.580375587137746951e-01	9.877190302635591168e-03
2.660000000000000146e-04	-5.433068932516427196e-01	2.419787374241588740e-03
2.669999999999999847e-04	-5.175282286929117070e-01	2.106329469522659481e-02
2.680000000000000090e-04	-4.991148968652466267e-01	-1.308914089955412474e-03
2.689999999999999791e-04	-4.843842314031145402e-01	2.419787374241588740e-03
2.700000000000000035e-04	-4.512402341133174843e-01	1.733459323102959360e-02
2.709999999999999735e-04	-4.328269022856524040e-01	-1.308914089955412474e-03
2.719999999999999979e-04	-4.033655713613883420e-01	-8.766317018349414902e-03
2.729999999999999680e-04	-3.702215740715912862e-01	6.148488838438589954e-03
2.739999999999999923e-04	-3.702215740715912862e-01	9.877190302635591168e-03
2.749999999999999624e-04	-3.444429095128602181e-01	2.419787374241588740e-03
2.759999999999999867e-04	-3.370775767817941748e-01	9.877190302635591168e-03
2.770000000000000110e-04	-3.186642449541291500e-01	-2.368112287513741976e-02
2.779999999999999811e-04	-2.928855803953980819e-01	1.360589176683259238e-02
2.790000000000000054e-04	-2.818375812987990447e-01	1.360589176683259238e-02
2.799999999999999755e-04	-2.265975858158039147e-01	2.419787374241588740e-03
2.809999999999999998e-04	-2.265975858158039147e-01	1.733459323102959360e-02
2.819999999999999699e-04	-2.155495867192048776e-01	2.106329469522659481e-02
2.829999999999999942e-04	-1.787229230638748001e-01	2.852069762362059724e-02
2.839999999999999643e-04	-1.455789257740777165e-01	-1.308914089955412474e-03
2.849999999999999886e-04	-1.492615921396107104e-01	2.479199615942359602e-02
2.860000000000000129e-04	-1.124349284842806329e-01	9.877190302635591168e-03
2.869999999999999830e-04	-1.124349284842806329e-01	-5.037615554152413688e-03
2.880000000000000073e-04	-6.087759936681851058e-02	6.148488838438589954e-03
2.889999999999999774e-04	-5.719493300128549590e-02	2.419787374241588740e-03
2.900000000000000017e-04	-3.509893480808744248e-02	6.148488838438589954e-03
2.909999999999999718e-04	-2.036826934595540456e-02	1.360589176683259238e-02
2.919999999999999961e-04	1.277572794384167557e-02	-5.037615554152413688e-03
2.929999999999999662e-04	5.410395212775658338e-03	1.733459323102959360e-02
2.939999999999999905e-04	3.487172613703973245e-02	-1.995242141094041854e-02
2.949999999999999606e-04	7.169838979236982379e-02	1.733459323102959360e-02
2.959999999999999849e-04	9.379438798556787027e-02	9.877190302635591168e-03
2.970000000000000092e-04	9.011172162003486252e-02	2.419787374241588740e-03
2.979999999999999793e-04	1.269383852753649677e-01	-1.308914089955412474e-03
2.990000000000000036e-04	1.379863843719639771e-01	2.106329469522659481e-02
2.999999999999999737e-04	1.416690507374969987e-01	9.877190302635591168e-03
3.009999999999999980e-04	1.858610471238930917e-01	1.360589176683259238e-02
3.019999999999999681e-04	2.190050444136901753e-01	2.479199615942359602e-02
3.029999999999999924e-04	2.263703771447561908e-01	-8.766317018349414902e-03
3.039999999999999625e-04	2.558317080690202805e-01	9.877190302635591168e-03
3.049999999999999868e-04	2.558317080690202805e-01	6.148488838438589954e-03
3.060000000000000111e-04	2.963410380898833796e-01	6.148488838438589954e-03
3.069999999999999812e-04	2.963410380898833796e-01	-5.037615554152413688e-03
3.080000000000000055e-04	3.294850353796804354e-01	2.419787374241588740e-03
3.089999999999999756e-04	3.552636999384115035e-01	-2.740982433933442097e-02
3.099999999999999999e-04	3.699943654005435345e-01	6.148488838438589954e-03
3.109999999999999700e-04	3.920903635937416087e-01	6.148488838438589954e-03
3.119999999999999944e-04	3.736770317660765839e-01	1.360589176683259238e-02
3.129999999999999644e-04	4.252343608835386646e-01	6.148488838438589954e-03
3.139999999999999888e-04	4.510130254422697327e-01	1.360589176683259238e-02
3.149999999999999589e-04	4.620610245388687698e-01	1.733459323102959360e-02
3.159999999999999832e-04	4.915223554631328318e-01	9.877190302635591168e-03
3.170000000000000075e-04	5.099356872907978566e-01	1.733459323102959360e-02
3.179999999999999776e-04	5.283490191184629925e-01	1.733459323102959360e-02
3.190000000000000019e-04	5.173010200218639554e-01	9.877190302635591168e-03
3.199999999999999720e-04	5.725410155048591410e-01	6.148488838438589954e-03
3.209999999999999963e-04	6.167330118912550674e-01	2.419787374241588740e-03
3.219999999999999664e-04	5.909543473325240548e-01	2.419787374241588740e-03
3.229999999999999907e-04	6.277810109878541045e-01	2.106329469522659481e-02
3.239999999999999608e-04	6.793383401053163517e-01	1.733459323102959360e-02
3.249999999999999851e-04	6.572423419121182775e-01	9.877190302635591168e-03
3.260000000000000094e-04	6.830210064708492901e-01	1.360589176683259238e-02
3.269999999999999795e-04	7.198476701261793398e-01	6.148488838438589954e-03
3.280000000000000038e-04	7.124823373951134631e-01	-1.308914089955412474e-03
3.289999999999999739e-04	7.714049992436415870e-01	1.733459323102959360e-02
3.299999999999999982e-04	7.640396665125754883e-01	-8.766317018349414902e-03
3.309999999999999683e-04	8.045489965334386984e-01	-2.368112287513741976e-02
3.319999999999999926e-04	8.008663301679055380e-01	-1.249501848254641612e-02
3.329999999999999627e-04	8.303276610921697110e-01	-1.995242141094041854e-02
3.339999999999999870e-04	8.597889920164336619e-01	6.148488838438589954e-03
3.350000000000000113e-04	8.634716583819668223e-01	1.360589176683259238e-02
3.359999999999999814e-04	8.929329893062307733e-01	6.148488838438589954e-03
3.370000000000000057e-04	9.150289874994288475e-01	-8.766317018349414902e-03
3.379999999999999758e-04	9.334423193270939834e-01	6.148488838438589954e-03
3.390000000000000001e-04	9.739516493479569714e-01	-5.037615554152413688e-03
3.399999999999999702e-04	9.923649811756221073e-01	2.419787374241588740e-03
3.409999999999999945e-04	9.813169820790230702e-01	-1.308914089955412474e-03
3.419999999999999646e-04	1.007095646637754083e+00	-1.249501848254641612e-02
3.429999999999999889e-04	-9.557655261913398093e-01	-1.308914089955412474e-03
3.439999999999999590e-04	-9.668135252879386243e-01	-1.995242141094041854e-02
3.449999999999999833e-04	-9.520828598258066489e-01	-1.622371994674341733e-02
3.460000000000000076e-04	-9.078908634394105004e-01	-1.995242141094041854e-02
3.469999999999999777e-04	-9.042081970738775620e-01	1.360589176683259238e-02
3.480000000000000020e-04	-8.894775316117455866e-01	-5.037615554152413688e-03
3.489999999999999721e-04	-8.710641997840804507e-01	6.148488838438589954e-03
3.499999999999999964e-04	-8.379202024942833393e-01	-1.308914089955412474e-03
3.509999999999999665e-04	-8.231895370321513639e-01	2.419787374241588740e-03
3.519999999999999908e-04	-7.974108724734203513e-01	-1.622371994674341733e-02
3.529999999999999609e-04	-7.863628733768213142e-01	-8.766317018349414902e-03
3.539999999999999853e-04	-7.569015424525571412e-01	-1.308914089955412474e-03
3.550000000000000096e-04	-7.495362097214912644e-01	-1.995242141094041854e-02
3.559999999999999797e-04	-7.532188760870242028e-01	-8.766317018349414902e-03
3.570000000000000040e-04	-6.979788806040290172e-01	2.419787374241588740e-03
3.579999999999999741e-04	-6.906135478729631405e-01	1.733459323102959360e-02
3.589999999999999984e-04	-6.574695505831660292e-01	1.733459323102959360e-02
3.599999999999999685e-04	-6.427388851210338316e-01	-1.308914089955412474e-03
3.609999999999999928e-04	-6.169602205623028190e-01	-8.766317018349414902e-03
3.619999999999999629e-04	-6.022295551001708436e-01	9.877190302635591168e-03
3.629999999999999872e-04	-5.764508905414398310e-01	-5.037615554152413688e-03
3.639999999999999573e-04	-5.764508905414398310e-01	9.877190302635591168e-03
3.649999999999999816e-04	-5.433068932516427196e-01	1.360589176683259238e-02
3.660000000000000059e-04	-5.138455623273785466e-01	-1.308914089955412474e-03
3.669999999999999760e-04	-5.285762277895107442e-01	9.877190302635591168e-03
3.680000000000000003e-04	-4.843842314031145402e-01	-1.249501848254641612e-02
3.689999999999999704e-04	-4.622882332099164659e-01	-1.308914089955412474e-03
3.699999999999999947e-04	-4.475575677477844350e-01	-1.308914089955412474e-03
3.709999999999999648e-04	-4.070482377269213359e-01	2.106329469522659481e-02
3.719999999999999891e-04	-4.217789031890533669e-01	-1.308914089955412474e-03
3.729999999999999592e-04	-3.775869068026572739e-01	-8.766317018349414902e-03
3.739999999999999835e-04	-3.481255758783932119e-01	-1.995242141094041854e-02
3.750000000000000078e-04	-3.370775767817941748e-01	-1.622371994674341733e-02
3.759999999999999779e-04	-3.223469113196621438e-01	-1.308914089955412474e-03
3.770000000000000022e-04	-3.112989122230631067e-01	1.360589176683259238e-02
3.779999999999999723e-04	-2.781549149332660509e-01	2.419787374241588740e-03
3.789999999999999966e-04	-2.744722485677330570e-01	6.148488838438589954e-03
3.799999999999999667e-04	-2.155495867192048776e-01	9.877190302635591168e-03
3.809999999999999910e-04	-2.192322530847378992e-01	2.419787374241588740e-03
3.819999999999999611e-04	-2.045015876226058682e-01	2.419787374241588740e-03
3.829999999999999854e-04	-1.934535885260068311e-01	6.148488838438589954e-03
3.840000000000000097e-04	-1.860882557949408156e-01	9.877190302635591168e-03
3.849999999999999798e-04	-1.345309266774786794e-01	1.733459323102959360e-02
3.860000000000000041e-04	-1.271655939464126639e-01	-1.249501848254641612e-02
3.869999999999999742e-04	-1.013869293876816097e-01	1.360589176683259238e-02
3.879999999999999985e-04	-6.087759936681851058e-02	2.419787374241588740e-03
3.889999999999999686e-04	-6.824293209788452608e-02	2.479199615942359602e-02
3.899999999999999929e-04	-1.668560298042239681e-02	1.733459323102959360e-02
3.909999999999999630e-04	1.727728847242648857e-03	2.419787374241588740e-03
3.919999999999999873e-04	-1.954937518290360190e-03	1.360589176683259238e-02
3.929999999999999574e-04	3.118905977150672124e-02	1.360589176683259238e-02
3.939999999999999817e-04	3.855439250257274020e-02	2.479199615942359602e-02
3.950000000000000061e-04	7.169838979236982379e-02	2.106329469522659481e-02
3.959999999999999762e-04	9.747705435110087802e-02	6.148488838438589954e-03
3.970000000000000005e-04	1.011597207166338996e-01	-8.766317018349414902e-03
3.979999999999999706e-04	1.527170498340960081e-01	1.733459323102959360e-02
3.989999999999999949e-04	1.379863843719639771e-01	6.148488838438589954e-03
3.999999999999999650e-04	1.784957143928270762e-01	3.224939908781759845e-02
4.009999999999999893e-04	2.042743789515581443e-01	3.224939908781759845e-02
4.019999999999999594e-04	1.932263798549591072e-01	-5.037615554152413688e-03
4.029999999999999837e-04	2.226877107792231969e-01	2.106329469522659481e-02
4.040000000000000080e-04	2.631970408000862682e-01	2.419787374241588740e-03
4.049999999999999781e-04	2.558317080690202805e-01	2.106329469522659481e-02
4.060000000000000024e-04	3.000237044554163734e-01	2.106329469522659481e-02
4.069999999999999725e-04	3.037063708209493673e-01	2.106329469522659481e-02
4.079999999999999968e-04	3.626290326694775468e-01	-1.308914089955412474e-03
4.089999999999999669e-04	3.478983672073455158e-01	2.419787374241588740e-03
4.099999999999999912e-04	3.663116990350105406e-01	6.148488838438589954e-03
4.109999999999999613e-04	3.920903635937416087e-01	1.733459323102959360e-02
4.119999999999999856e-04	4.068210290558736397e-01	-8.766317018349414902e-03
4.129999999999999557e-04	4.105036954214066336e-01	6.148488838438589954e-03
4.139999999999999800e-04	4.510130254422697327e-01	-5.037615554152413688e-03
4.150000000000000043e-04	4.731090236354678069e-01	9.877190302635591168e-03
4.159999999999999744e-04	4.952050218286658811e-01	6.148488838438589954e-03
4.169999999999999987e-04	5.136183536563310170e-01	1.733459323102959360e-02
4.179999999999999688e-04	5.467623509461279063e-01	2.479199615942359602e-02
4.189999999999999931e-04	5.504450173116610667e-01	2.419787374241588740e-03
4.199999999999999632e-04	5.762236818703920793e-01	9.877190302635591168e-03
4.209999999999999875e-04	5.799063482359250177e-01	-1.308914089955412474e-03
4.219999999999999576e-04	6.204156782567882278e-01	2.106329469522659481e-02
4.229999999999999819e-04	6.277810109878541045e-01	1.733459323102959360e-02
4.240000000000000062e-04	6.351463437189202033e-01	1.733459323102959360e-02
4.249999999999999763e-04	6.867036728363822284e-01	2.419787374241588740e-03
4.260000000000000006e-04	6.903863392019153888e-01	-1.308914089955412474e-03
4.269999999999999707e-04	7.124823373951134631e-01	-8.766317018349414902e-03
4.279999999999999950e-04	7.419436683193774140e-01	2.479199615942359602e-02
4.289999999999999651e-04	7.898183310713065008e-01	6.148488838438589954e-03
4.299999999999999894e-04	7.935009974368396612e-01	9.877190302635591168e-03
4.309999999999999595e-04	8.082316628989716367e-01	6.148488838438589954e-03
4.319999999999999838e-04	8.155969956300377355e-01	2.106329469522659481e-02
4.329999999999999539e-04	8.303276610921697110e-01	9.877190302635591168e-03
4.339999999999999782e-04	8.450583265543016864e-01	2.852069762362059724e-02
4.350000000000000026e-04	8.782023238440987978e-01	-5.037615554152413688e-03
4.359999999999999726e-04	8.892503229406978349e-01	2.419787374241588740e-03
4.369999999999999970e-04	9.076636547683629708e-01	-1.308914089955412474e-03
4.379999999999999671e-04	9.334423193270939834e-01	2.419787374241588740e-03
4.389999999999999914e-04	9.739516493479569714e-01	2.852069762362059724e-02
4.399999999999999615e-04	9.665863166168910947e-01	-8.766317018349414902e-03
4.409999999999999858e-04	1.007095646637754083e+00	1.733459323102959360e-02
4.419999999999999559e-04	1.003412980272221144e+00	2.419787374241588740e-03
4.429999999999999802e-04	-9.668135252879386243e-01	-5.037615554152413688e-03
4.440000000000000045e-04	-9.520828598258066489e-01	-8.766317018349414902e-03
4.449999999999999746e-04	-9.484001934602737105e-01	2.419787374241588740e-03
4.459999999999999989e-04	-9.299868616326085746e-01	1.360589176683259238e-02
4.469999999999999690e-04	-8.784295325151465494e-01	6.148488838438589954e-03
4.479999999999999933e-04	-8.747468661496136111e-01	-1.249501848254641612e-02
4.489999999999999634e-04	-8.857948652462124262e-01	2.106329469522659481e-02
4.499999999999999877e-04	-8.416028688598164997e-01	9.877190302635591168e-03
4.509999999999999578e-04	-8.158242043010852651e-01	-1.308914089955412474e-03
4.519999999999999821e-04	-7.826802070112883758e-01	-5.037615554152413688e-03
4.530000000000000064e-04	-7.789975406457552154e-01	1.360589176683259238e-02
4.539999999999999765e-04	-7.642668751836232399e-01	6.148488838438589954e-03
4.550000000000000008e-04	-7.495362097214912644e-01	-1.308914089955412474e-03
4.559999999999999709e-04	-7.163922124316941531e-01	2.419787374241588740e-03
4.569999999999999952e-04	-7.200748787972270915e-01	-1.249501848254641612e-02
4.579999999999999653e-04	-6.795655487763641034e-01	-8.766317018349414902e-03
4.589999999999999896e-04	-6.722002160452980046e-01	2.419787374241588740e-03
4.599999999999999597e-04	-6.243255532933689178e-01	-5.037615554152413688e-03
4.609999999999999840e-04	-6.316908860244350166e-01	-1.308914089955412474e-03
4.619999999999999541e-04	-5.948642223691047448e-01	3.597810055201459967e-02
4.629999999999999784e-04	-6.022295551001708436e-01	6.148488838438589954e-03
4.640000000000000027e-04	-5.690855578103737322e-01	-1.308914089955412474e-03
4.649999999999999728e-04	-5.469895596171756580e-01	-1.308914089955412474e-03
4.659999999999999971e-04	-5.359415605205766209e-01	6.148488838438589954e-03
4.669999999999999672e-04	-4.917495641341805834e-01	-1.308914089955412474e-03
4.679999999999999915e-04	-4.807015650375815463e-01	-1.622371994674341733e-02
4.689999999999999616e-04	-4.622882332099164659e-01	6.148488838438589954e-03
4.699999999999999859e-04	-4.733362323065155031e-01	2.419787374241588740e-03
4.709999999999999560e-04	-4.328269022856524040e-01	2.419787374241588740e-03
4.719999999999999803e-04	-4.033655713613883420e-01	-1.308914089955412474e-03
4.730000000000000046e-04	-3.960002386303223543e-01	9.877190302635591168e-03
4.739999999999999747e-04	-3.444429095128602181e-01	2.479199615942359602e-02
4.749999999999999990e-04	-3.628562413405252429e-01	-1.308914089955412474e-03
4.759999999999999691e-04	-3.444429095128602181e-01	6.148488838438589954e-03
4.769999999999999934e-04	-3.112989122230631067e-01	6.148488838438589954e-03
4.779999999999999635e-04	-2.818375812987990447e-01	1.733459323102959360e-02
4.789999999999999879e-04	-2.486935840090019889e-01	-1.308914089955412474e-03
4.799999999999999580e-04	-2.486935840090019889e-01	-5.037615554152413688e-03
4.809999999999999823e-04	-2.339629185468699302e-01	-1.249501848254641612e-02
4.819999999999999524e-04	-1.934535885260068311e-01	2.479199615942359602e-02
4.829999999999999767e-04	-1.713575903328087846e-01	-5.037615554152413688e-03
4.840000000000000010e-04	-1.639922576017427691e-01	1.360589176683259238e-02
4.849999999999999711e-04	-1.418962594085446949e-01	-5.037615554152413688e-03
4.859999999999999954e-04	-1.382135930430117010e-01	1.733459323102959360e-02
4.869999999999999655e-04	-1.124349284842806329e-01	-1.308914089955412474e-03
4.879999999999999898e-04	-9.033893029108257255e-02	6.148488838438589954e-03
4.889999999999999599e-04	-8.297359756001655706e-02	2.852069762362059724e-02
4.899999999999999842e-04	-2.405093571148841577e-02	1.733459323102959360e-02
4.910000000000000085e-04	-1.300293661488938733e-02	-1.308914089955412474e-03
4.919999999999999244e-04	2.750639340597371349e-02	1.733459323102959360e-02
4.929999999999999487e-04	3.118905977150672124e-02	-1.249501848254641612e-02
4.939999999999999730e-04	5.696772433023778587e-02	2.106329469522659481e-02
4.949999999999999973e-04	6.801572342683681605e-02	9.877190302635591168e-03
4.960000000000000216e-04	9.011172162003486252e-02	1.360589176683259238e-02
4.969999999999999375e-04	1.011597207166338996e-01	2.419787374241588740e-03
4.979999999999999618e-04	1.306210516408979616e-01	2.419787374241588740e-03
4.989999999999999861e-04	1.416690507374969987e-01	1.733459323102959360e-02
5.000000000000000104e-04	1.674477152962280668e-01	2.419787374241588740e-03
5.009999999999999263e-04	2.226877107792231969e-01	2.419787374241588740e-03
5.019999999999999506e-04	2.116397116826241598e-01	1.360589176683259238e-02
5.029999999999999749e-04	2.263703771447561908e-01	9.877190302635591168e-03
5.039999999999999992e-04	2.411010426068882495e-01	2.419787374241588740e-03
5.050000000000000235e-04	2.742450398966853053e-01	9.877190302635591168e-03
5.059999999999999394e-04	3.000237044554163734e-01	6.148488838438589954e-03
5.069999999999999637e-04	3.221197026486144477e-01	-1.308914089955412474e-03
5.079999999999999880e-04	3.368503681107464787e-01	2.419787374241588740e-03
5.090000000000000123e-04	3.368503681107464787e-01	6.148488838438589954e-03
5.099999999999999282e-04	3.810423644971425716e-01	2.852069762362059724e-02
5.109999999999999525e-04	3.699943654005435345e-01	6.148488838438589954e-03
