# Dati processati dal Bode Plotter
# Colonna 1: Frequenza [Hz]
# Colonna 2: Ampiezza Media (su 8 acquisizioni)
# Colonna 3: Varianza Campionaria della media (su 8 acquisizioni)
1.00000000e+01 1.01686843e+02 4.61188541e-03
1.06816425e+01 1.01725933e+02 3.19244260e-03
1.14097487e+01 1.01750303e+02 7.65931232e-03
1.21874857e+01 1.01685862e+02 9.97152400e-03
1.30182366e+01 1.01648299e+02 3.74218421e-03
1.39056150e+01 1.01621704e+02 9.34980931e-04
1.48534809e+01 1.01695649e+02 1.71483267e-03
1.58659573e+01 1.01640609e+02 1.53438424e-03
1.69474485e+01 1.01728111e+02 7.31322643e-03
1.81026586e+01 1.01687881e+02 2.69776405e-03
1.93366129e+01 1.01618539e+02 4.32700323e-03
2.06546786e+01 1.01593622e+02 3.18793886e-03
2.20625894e+01 1.01725957e+02 1.95563659e-03
2.35664694e+01 1.01793294e+02 7.05254269e-03
2.51728602e+01 1.01798265e+02 5.59840778e-03
2.68887494e+01 1.01683315e+02 4.88918325e-03
2.87216009e+01 1.01705771e+02 5.43459661e-03
3.06793874e+01 1.01752906e+02 5.31106743e-03
3.27706250e+01 1.01644518e+02 4.18375962e-03
3.50044102e+01 1.01634407e+02 4.41861294e-03
3.73904597e+01 1.01804737e+02 3.21095691e-03
3.99391525e+01 1.01673761e+02 1.51964606e-03
4.26615750e+01 1.01571510e+02 3.15100452e-03
4.55695694e+01 1.01727121e+02 3.28214140e-03
4.86757851e+01 1.01753302e+02 4.47660719e-03
5.19937337e+01 1.01711241e+02 5.47749646e-03
5.55378478e+01 1.01680607e+02 5.74811605e-03
5.93235437e+01 1.01602918e+02 2.98667812e-03
6.33672888e+01 1.01587878e+02 1.88930262e-03
6.76866728e+01 1.01780937e+02 1.91918951e-03
7.23004843e+01 1.01660257e+02 3.10511512e-03
7.72287929e+01 1.01597574e+02 4.92138339e-03
8.24930360e+01 1.01662778e+02 1.24380998e-03
8.81161122e+01 1.01739369e+02 1.92690815e-03
9.41224813e+01 1.01659973e+02 4.21365064e-03
1.00538270e+02 1.01699485e+02 2.99209880e-03
1.07391386e+02 1.01624143e+02 2.89252681e-03
1.14711640e+02 1.01606400e+02 2.14944037e-03
1.22530873e+02 1.01610941e+02 3.43836698e-03
1.30883099e+02 1.01608634e+02 2.81576854e-03
1.39804648e+02 1.01724989e+02 2.74684916e-03
1.49334327e+02 1.01695588e+02 3.81274848e-03
1.59513590e+02 1.01608223e+02 4.59624359e-03
1.70386715e+02 1.01751461e+02 3.82823656e-03
1.82000998e+02 1.01628505e+02 8.94745553e-04
1.94406960e+02 1.01610628e+02 1.25496040e-03
2.07658566e+02 1.01635439e+02 2.81900118e-03
2.21813457e+02 1.01581616e+02 4.76089975e-03
2.36933206e+02 1.01778211e+02 4.73667104e-04
2.53083581e+02 1.01673870e+02 2.33248611e-03
2.70334835e+02 1.01646332e+02 4.82481025e-03
2.88762007e+02 1.01618926e+02 6.01524407e-03
3.08445254e+02 1.01678219e+02 4.20478718e-03
3.29470194e+02 1.01635871e+02 4.54061625e-03
3.51928284e+02 1.01604807e+02 3.15847892e-03
3.75917213e+02 1.01661859e+02 2.14868216e-03
4.01541329e+02 1.01657155e+02 1.97196347e-03
4.28912095e+02 1.01681424e+02 1.72723129e-03
4.58148567e+02 1.01618802e+02 2.25713362e-03
4.89377923e+02 1.01724597e+02 3.10607137e-03
5.22736004e+02 1.01655542e+02 1.52804545e-03
5.58367913e+02 1.01633691e+02 1.64024470e-03
5.96428646e+02 1.01708144e+02 2.29600351e-03
6.37083759e+02 1.01694299e+02 1.43953620e-03
6.80510098e+02 1.01664701e+02 2.15808944e-03
7.26896561e+02 1.01618909e+02 7.71768241e-03
7.76444923e+02 1.01673152e+02 2.27599403e-03
8.29370712e+02 1.01666537e+02 3.04907903e-03
8.85904148e+02 1.01575040e+02 2.84861230e-03
9.46291143e+02 1.01563811e+02 1.14298429e-03
1.01079437e+03 1.01572683e+02 2.46335552e-03
1.07969442e+03 1.01625610e+02 3.40927575e-03
1.15329098e+03 1.01640419e+02 1.92917823e-03
1.23190420e+03 1.01652924e+02 1.95580047e-03
1.31587603e+03 1.01515006e+02 1.66287420e-03
1.40557174e+03 1.01509195e+02 4.41480976e-03
1.50138149e+03 1.01622767e+02 8.30965959e-03
1.60372204e+03 1.01511102e+02 1.57064904e-03
1.71303855e+03 1.01500417e+02 4.31746937e-03
1.82980655e+03 1.01496983e+02 1.07725813e-03
1.95453395e+03 1.01366974e+02 2.79459659e-03
2.08776330e+03 1.01381057e+02 3.14819839e-03
2.23007412e+03 1.01351024e+02 2.47196022e-03
2.38208546e+03 1.01408346e+02 2.97938365e-03
2.54445854e+03 1.01232174e+02 2.64623348e-03
2.71789966e+03 1.01280099e+02 3.76825213e-03
2.90316326e+03 1.01272957e+02 6.47279014e-03
3.10105522e+03 1.01045497e+02 1.26814622e-03
3.31243633e+03 1.01035521e+02 3.82271682e-03
3.53822608e+03 1.00869576e+02 5.37309205e-03
3.77940663e+03 1.00774913e+02 4.70540924e-03
4.03702706e+03 1.00688877e+02 3.21700506e-03
4.31220800e+03 1.00627724e+02 3.64413576e-03
4.60614644e+03 1.00264393e+02 1.75281970e-03
4.92012097e+03 1.00066000e+02 2.89109155e-03
5.25549735e+03 1.00014374e+02 7.98026881e-03
5.61373440e+03 9.98359620e+01 5.92999362e-03
5.99639042e+03 9.96133080e+01 1.39811564e-03
6.40512990e+03 9.91916504e+01 1.77036242e-03
6.84173080e+03 9.89618265e+01 3.47287589e-03
7.30809227e+03 9.85970824e+01 1.14465037e-03
7.80624293e+03 9.81624516e+01 4.42502553e-03
8.33834966e+03 9.77740780e+01 4.05245527e-03
8.90672704e+03 9.71411324e+01 4.06362873e-03
9.51384744e+03 9.67537243e+01 1.45845798e-03
1.01623518e+04 9.60445744e+01 4.96297149e-03
1.08550609e+04 9.52860752e+01 2.66264096e-03
1.15949880e+04 9.44708611e+01 1.00520472e-02
1.23853517e+04 9.36503160e+01 3.46467722e-03
1.32295900e+04 9.27072522e+01 1.46155886e-03
1.41313751e+04 9.16851563e+01 2.50956742e-03
1.50946297e+04 9.04579400e+01 7.02809439e-03
1.61235439e+04 8.91941096e+01 7.29610837e-03
1.72225933e+04 8.77398897e+01 1.12898917e-02
1.83965585e+04 8.61471219e+01 6.97260850e-03
1.96505462e+04 8.44771727e+01 7.03708975e-03
2.09900110e+04 8.27540314e+01 1.30573625e-02
2.24207794e+04 8.08096190e+01 3.90994075e-03
2.39490751e+04 7.90153549e+01 7.70118659e-03
2.55815460e+04 7.66511080e+01 6.47319273e-03
2.73252930e+04 7.43651190e+01 4.63669386e-03
2.91879012e+04 7.21829788e+01 5.00326685e-03
3.11774727e+04 6.97009485e+01 5.40246011e-03
3.33026618e+04 6.73415475e+01 4.90334265e-03
3.55727129e+04 6.48271641e+01 2.28224611e-03
3.79975004e+04 6.22672612e+01 2.86961718e-03
4.05875716e+04 5.97280228e+01 6.21679240e-03
4.33541932e+04 5.70686483e+01 6.94199208e-03
4.63093994e+04 5.45101161e+01 1.55428054e-02
4.94660451e+04 5.19996387e+01 4.24024221e-03
5.28378611e+04 4.94308696e+01 1.56316639e-02
5.64395145e+04 4.71469538e+01 7.70231014e-03
6.02866719e+04 4.47277195e+01 1.55109223e-02
6.43960679e+04 4.22431991e+01 2.80095813e-03
6.87855778e+04 4.01329254e+01 2.24691637e-02
7.34742954e+04 3.77144751e+01 1.23956990e-02
7.84826159e+04 3.56040055e+01 7.60499377e-03
8.38323249e+04 3.37144102e+01 5.42096521e-03
8.95466928e+04 3.17824545e+01 6.19912403e-03
9.56505763e+04 2.99049325e+01 2.58676473e-03
1.02170526e+05 2.81214014e+01 1.03790168e-02
1.09134904e+05 2.65159593e+01 3.00693002e-03
1.16574003e+05 2.49369681e+01 5.88292778e-03
1.24520183e+05 2.34869528e+01 6.16186766e-03
1.33008009e+05 2.18776506e+01 1.02527134e-02
1.42074401e+05 2.06592400e+01 1.24612893e-02
1.51758796e+05 1.92770300e+01 5.89872355e-03
1.62103321e+05 1.80917519e+01 1.88785785e-03
1.73152973e+05 1.70293756e+01 4.42506677e-03
1.84955816e+05 1.59995834e+01 5.46591291e-03
1.97563192e+05 1.49858238e+01 4.13853049e-03
2.11029939e+05 1.40386329e+01 1.59668806e-03
2.25414637e+05 1.30965066e+01 1.65555607e-03
2.40779858e+05 1.22400978e+01 4.10729024e-03
2.57192437e+05 1.15863307e+01 3.28341914e-03
2.74723768e+05 1.08996545e+01 1.28197788e-03
2.93450109e+05 1.01797041e+01 6.51341838e-03
3.13452916e+05 9.41306892e+00 4.55212646e-03
3.34819201e+05 8.83140781e+00 5.68376324e-03
3.57641902e+05 8.28973262e+00 1.64201945e-03
3.82020295e+05 7.77899780e+00 3.14945957e-03
4.08060423e+05 7.31787540e+00 1.44292017e-03
4.35875558e+05 6.78031467e+00 3.06988923e-03
4.65586690e+05 6.38981776e+00 1.02995695e-03
4.97323059e+05 5.96700033e+00 1.18527405e-03
5.31222715e+05 5.60676103e+00 8.99664846e-04
5.67433115e+05 5.20643783e+00 2.24197381e-03
6.06111769e+05 4.95032637e+00 2.16798813e-03
6.47426926e+05 4.54684720e+00 8.58347920e-04
6.91558299e+05 4.23781288e+00 6.90867963e-04
7.38697855e+05 4.02807654e+00 9.43301224e-04
7.89050643e+05 3.79355536e+00 2.46370015e-04
8.42835691e+05 3.53427910e+00 4.99243958e-04
9.00286957e+05 3.27677972e+00 8.84366580e-04
9.61654346e+05 3.08079258e+00 4.53549926e-04
1.02720480e+06 2.90399302e+00 8.44910226e-04
1.09722345e+06 2.69777630e+00 3.14736335e-04
1.17201486e+06 2.51437333e+00 7.57408470e-04
1.25190438e+06 2.34718264e+00 3.11166105e-04
1.33723951e+06 2.20849040e+00 4.99217342e-04
1.42839144e+06 2.06017031e+00 1.73371626e-04
1.52575668e+06 1.91572561e+00 2.33583116e-04
1.62975875e+06 1.83334924e+00 6.79829806e-05
1.74085004e+06 1.70251532e+00 1.02384060e-04
1.85951378e+06 1.58636554e+00 9.94819651e-05
1.98626615e+06 1.48863791e+00 8.31387435e-05
2.12165850e+06 1.39212147e+00 4.44056069e-05
2.26627977e+06 1.28929321e+00 6.75221572e-05
2.42075904e+06 1.19850766e+00 4.69655777e-05
2.58576827e+06 1.13532494e+00 3.34874014e-05
2.76202524e+06 1.05859434e+00 4.06546673e-05
2.95029663e+06 9.94844398e-01 3.01787528e-05
3.15140139e+06 9.30359519e-01 6.62582514e-05
3.36621432e+06 8.72303621e-01 2.05678394e-05
3.59566981e+06 7.98480733e-01 7.41285894e-05
3.84076596e+06 7.51721227e-01 4.79672033e-05
4.10256890e+06 6.87535521e-01 3.27660131e-05
4.38221745e+06 6.27874136e-01 1.19722234e-04
4.68092803e+06 5.94177554e-01 6.69925834e-05
5.00000000e+06 5.31746869e-01 9.85946233e-05
