# Dati processati dal Bode Plotter (FASE, radianti)
# Colonna 1: Frequenza [Hz]
# Colonna 2: Fase media circolare (su 10 acquisizioni) [rad]
# Colonna 3: Varianza campionaria della media (circolare) [rad^2]
1.00000000e+01 -6.10503898e-03 4.98111949e-06
1.05956018e+01 -3.20102607e-03 5.80000409e-06
1.12266777e+01 -2.76703750e-03 1.35570010e-05
1.18953407e+01 -1.42529332e-03 4.35727322e-06
1.26038293e+01 -3.31079374e-03 7.16321261e-06
1.33545156e+01 -3.20187928e-03 2.54943000e-06
1.41499130e+01 -2.49110810e-03 3.48752828e-06
1.49926843e+01 1.06598692e-03 3.28630146e-06
1.58856513e+01 -7.40272661e-03 4.04395005e-06
1.68318035e+01 -4.54496698e-03 7.87265777e-06
1.78343088e+01 -2.36846226e-03 9.02962719e-06
1.88965234e+01 -6.31049916e-03 1.07249347e-05
2.00220037e+01 -1.17926500e-03 6.96198079e-06
2.12145178e+01 -3.58654634e-03 1.54383807e-05
2.24780583e+01 -9.01771632e-04 5.18665178e-06
2.38168555e+01 -1.56134697e-03 1.29849786e-05
2.52353917e+01 -6.63651748e-03 2.60556614e-06
2.67384162e+01 -1.23762250e-03 2.97016733e-06
2.83309610e+01 -3.35055575e-03 6.15667401e-06
3.00183581e+01 -6.55712836e-03 5.04272692e-06
3.18062569e+01 -7.09520320e-03 9.83256017e-06
3.37006433e+01 -2.90198176e-03 4.64517596e-06
3.57078596e+01 -4.17593242e-03 5.96189581e-06
3.78346262e+01 -1.19957303e-03 1.16574922e-05
4.00880633e+01 -3.28127300e-03 6.46058156e-06
4.24757155e+01 -3.29333905e-03 6.24442394e-06
4.50055768e+01 -6.44222279e-03 5.31859009e-06
4.76861170e+01 -2.31754577e-04 4.00691912e-06
5.05263107e+01 1.59202039e-03 8.41003949e-06
5.35356668e+01 -1.63130310e-03 7.52054536e-06
5.67242607e+01 -7.40645485e-03 8.84748731e-06
6.01027678e+01 -4.32811415e-03 4.92596842e-06
6.36824994e+01 -6.99275452e-03 3.79019266e-06
6.74754405e+01 -5.14032919e-03 3.69815827e-06
7.14942899e+01 -7.39079559e-03 1.09071361e-05
7.57525026e+01 -4.43502756e-03 9.66274707e-06
8.02643352e+01 -7.75006998e-03 3.81096960e-06
8.50448934e+01 -9.46333088e-03 2.18816163e-06
9.01101825e+01 -1.07046166e-02 7.37954275e-06
9.54771611e+01 -1.21465198e-02 2.26936418e-06
1.01163798e+02 -1.02934774e-02 1.32185082e-05
1.07189132e+02 -1.31479152e-02 3.83672719e-06
1.13573336e+02 -1.54790598e-02 6.94146766e-06
1.20337784e+02 -1.43907712e-02 2.63753839e-06
1.27505124e+02 -1.63210284e-02 7.64914273e-06
1.35099352e+02 -1.35380608e-02 5.38307721e-06
1.43145894e+02 -1.50804825e-02 6.70577603e-06
1.51671689e+02 -1.72076645e-02 5.48957721e-06
1.60705282e+02 -1.93383940e-02 5.44370929e-06
1.70276917e+02 -1.79965526e-02 4.06410796e-06
1.80418641e+02 -2.21606826e-02 4.08782186e-06
1.91164408e+02 -2.32728799e-02 4.96172446e-06
2.02550194e+02 -2.05358831e-02 6.12224027e-06
2.14614120e+02 -2.39109339e-02 3.12652934e-06
2.27396575e+02 -2.72452807e-02 4.97982917e-06
2.40940356e+02 -2.80284554e-02 3.65910305e-06
2.55290807e+02 -2.85980481e-02 4.79218780e-06
2.70495973e+02 -3.48045761e-02 1.49662192e-05
2.86606762e+02 -3.29885692e-02 6.68583831e-06
3.03677112e+02 -3.51572993e-02 3.70801812e-06
3.21764175e+02 -3.70872676e-02 4.42806621e-06
3.40928507e+02 -3.86044514e-02 2.98870406e-06
3.61234270e+02 -3.98192364e-02 3.15116656e-06
3.82749448e+02 -4.44767690e-02 2.96739936e-06
4.05546074e+02 -4.59618150e-02 4.36701389e-06
4.29700470e+02 -5.37159306e-02 5.37326208e-06
4.55293507e+02 -5.55252968e-02 4.47790726e-06
4.82410870e+02 -5.17282107e-02 1.07454863e-05
5.11143348e+02 -5.87446734e-02 3.88445526e-06
5.41587138e+02 -6.16500769e-02 6.10041315e-06
5.73844165e+02 -6.56906420e-02 5.54899194e-06
6.08022426e+02 -7.00033176e-02 8.57895581e-06
6.44236351e+02 -7.63104858e-02 2.91367491e-06
6.82607183e+02 -7.96092721e-02 7.71758036e-06
7.23263390e+02 -8.12789061e-02 5.54566767e-06
7.66341087e+02 -8.84984774e-02 5.37480207e-06
8.11984499e+02 -9.25902498e-02 5.53353453e-06
8.60346442e+02 -9.93295735e-02 6.51620391e-06
9.11588830e+02 -1.03237564e-01 2.06620878e-06
9.65883224e+02 -1.10608883e-01 3.51108269e-06
1.02341140e+03 -1.11878341e-01 5.78471743e-06
1.08436597e+03 -1.22661213e-01 5.24771734e-06
1.14895100e+03 -1.34283921e-01 1.14070209e-05
1.21738273e+03 -1.37597115e-01 1.00295802e-05
1.28989026e+03 -1.47853409e-01 1.07479195e-06
1.36671636e+03 -1.50207300e-01 3.55893988e-06
1.44811823e+03 -1.67822888e-01 2.57209798e-06
1.53436841e+03 -1.68347518e-01 5.47388510e-06
1.62575567e+03 -1.80452609e-01 1.48725524e-05
1.72258597e+03 -1.90564512e-01 1.18569399e-05
1.82518349e+03 -2.05443645e-01 5.44075486e-06
1.93389175e+03 -2.21322235e-01 9.13810643e-06
2.04907469e+03 -2.27727095e-01 1.46964910e-05
2.17111795e+03 -2.48108266e-01 6.07029418e-06
2.30043012e+03 -2.54357306e-01 8.21064943e-06
2.43744415e+03 -2.67058379e-01 1.19384416e-05
2.58261876e+03 -2.89752757e-01 7.61505575e-06
2.73644000e+03 -2.99363903e-01 8.92910124e-06
2.89942285e+03 -3.17462140e-01 7.91524341e-06
3.07211300e+03 -3.37249473e-01 9.90207645e-06
3.25508860e+03 -3.54763375e-01 7.42049298e-06
3.44896226e+03 -3.72870785e-01 6.51249708e-06
3.65438307e+03 -3.93720909e-01 1.30293966e-05
3.87203878e+03 -4.15276878e-01 2.95434161e-06
4.10265811e+03 -4.37139536e-01 8.00694926e-06
4.34701316e+03 -4.60599005e-01 1.46495790e-05
4.60592204e+03 -4.76503830e-01 2.43924402e-05
4.88025158e+03 -5.04284095e-01 6.66935515e-06
5.17092024e+03 -5.30124944e-01 5.64495068e-06
5.47890118e+03 -5.54147139e-01 1.14526730e-05
5.80522552e+03 -5.84250150e-01 1.27129621e-05
6.15098579e+03 -6.09116876e-01 7.26726003e-06
6.51733960e+03 -6.38688093e-01 1.05381453e-05
6.90551352e+03 -6.64312786e-01 2.24140650e-05
7.31680714e+03 -7.01157961e-01 6.90384624e-06
7.75259749e+03 -7.20990007e-01 9.18714776e-06
8.21434358e+03 -7.45048734e-01 1.42398427e-05
8.70359136e+03 -7.86218439e-01 1.25007603e-05
9.22197882e+03 -8.11694195e-01 1.49893388e-05
9.77124154e+03 -8.36194765e-01 8.28568023e-06
1.03532184e+04 -8.66591246e-01 9.91483459e-06
1.09698580e+04 -8.95072949e-01 1.24307721e-05
1.16232247e+04 -9.25876433e-01 2.97574771e-05
1.23155060e+04 -9.54062466e-01 4.48549495e-05
1.30490198e+04 -9.79707347e-01 1.42332204e-05
1.38262217e+04 -1.00131755e+00 1.31059188e-05
1.46497140e+04 -1.02923957e+00 1.08740703e-05
1.55222536e+04 -1.05329295e+00 1.78361172e-05
1.64467618e+04 -1.08991444e+00 3.40448187e-05
1.74263339e+04 -1.10069303e+00 4.86333543e-05
1.84642494e+04 -1.12570298e+00 1.02908820e-05
1.95639834e+04 -1.15177208e+00 2.45361090e-05
2.07292178e+04 -1.18232601e+00 2.11136807e-05
2.19638537e+04 -1.18999989e+00 2.91904038e-05
2.32720248e+04 -1.21203973e+00 2.82129153e-05
2.46581108e+04 -1.23755442e+00 4.65784145e-05
2.61267523e+04 -1.25253472e+00 4.14981466e-05
2.76828663e+04 -1.25901632e+00 3.43772547e-05
2.93316628e+04 -1.28768274e+00 2.23196897e-05
3.10786619e+04 -1.31677101e+00 8.05937166e-05
3.29297126e+04 -1.31525931e+00 8.59205062e-05
3.48910121e+04 -1.34407665e+00 7.47051190e-05
3.69691271e+04 -1.35046292e+00 7.46246287e-05
3.91710149e+04 -1.36608878e+00 6.04230752e-05
4.15040476e+04 -1.37227312e+00 1.20966751e-04
4.39760361e+04 -1.39160814e+00 1.91120156e-04
4.65952567e+04 -1.39161830e+00 9.30212742e-05
4.93704785e+04 -1.40595654e+00 1.13805776e-04
5.23109931e+04 -1.41513638e+00 1.98866551e-04
5.54266452e+04 -1.41670938e+00 1.32192723e-04
5.87278661e+04 -1.44582959e+00 1.96890517e-04
6.22257084e+04 -1.43974824e+00 1.62522194e-04
6.59318827e+04 -1.45860562e+00 1.28216200e-04
6.98587975e+04 -1.47714998e+00 1.26336360e-04
7.40196000e+04 -1.46556180e+00 8.62016302e-05
7.84282206e+04 -1.48103032e+00 1.11232665e-04
8.30994195e+04 -1.48868550e+00 2.05925500e-04
8.80488358e+04 -1.49291208e+00 3.01148625e-04
9.32930403e+04 -1.51194090e+00 3.02165423e-04
9.88495905e+04 -1.53062749e+00 4.51780572e-04
1.04737090e+05 -1.53159378e+00 9.11676576e-04
1.10975250e+05 -1.48763847e+00 4.53642393e-04
1.17584955e+05 -1.53963583e+00 7.16954331e-04
1.24588336e+05 -1.51616908e+00 4.72555412e-04
1.32008840e+05 -1.54274351e+00 6.67926947e-04
1.39871310e+05 -1.48884321e+00 6.18079386e-04
1.48202071e+05 -1.53532704e+00 1.21172974e-03
1.57029012e+05 -1.58297663e+00 8.36314452e-04
1.66381689e+05 -1.57464144e+00 9.12276334e-04
1.76291412e+05 -1.59860072e+00 2.26735551e-04
1.86791360e+05 -1.53471044e+00 1.98568876e-04
1.97916687e+05 -1.55447022e+00 4.47461826e-04
2.09704640e+05 -1.53247557e+00 4.15066644e-04
2.22194686e+05 -1.56284293e+00 4.62009373e-04
2.35428641e+05 -1.55120945e+00 6.40412705e-04
2.49450814e+05 -1.61540399e+00 5.95725197e-04
2.64308149e+05 -1.61075399e+00 7.70409566e-04
2.80050389e+05 -1.61118122e+00 5.09837241e-04
2.96730241e+05 -1.66765532e+00 1.21394041e-03
3.14403547e+05 -1.59734687e+00 9.06596786e-04
3.33129479e+05 -1.61143382e+00 1.17020458e-03
3.52970730e+05 -1.61608831e+00 1.99347036e-03
3.73993730e+05 -1.66203337e+00 1.18105877e-03
3.96268864e+05 -1.63973362e+00 2.14768589e-03
4.19870708e+05 -1.67681704e+00 3.56126157e-04
4.44878283e+05 -1.65185840e+00 1.66205634e-03
4.71375313e+05 -1.57538993e+00 6.88468033e-04
4.99450512e+05 -1.62394427e+00 1.17285127e-03
5.29197874e+05 -1.64393393e+00 2.04369521e-03
5.60716994e+05 -1.62888974e+00 1.42931907e-03
5.94113398e+05 -1.61752390e+00 9.60137085e-04
6.29498899e+05 -1.69457021e+00 3.39041323e-04
6.66991966e+05 -1.65529069e+00 1.50895754e-03
7.06718127e+05 -1.65642818e+00 1.14708303e-03
7.48810386e+05 -1.70112435e+00 2.03506401e-03
7.93409667e+05 -1.61820601e+00 8.18151845e-04
8.40665289e+05 -1.60675187e+00 7.11496068e-04
8.90735464e+05 -1.65512833e+00 1.58067767e-03
9.43787828e+05 -1.66565938e+00 1.06213263e-03
1.00000000e+06 -1.63264163e+00 9.72575768e-04
