# Dati processati dal Bode Plotter (FASE, radianti)
# Colonna 1: Frequenza [Hz]
# Colonna 2: Fase media circolare (su 10 acquisizioni) [rad]
# Colonna 3: Varianza campionaria della media (circolare) [rad^2]
1.00000000e+01 2.40217428e+00 1.89803303e-05
1.02341140e+01 2.38260360e+00 1.14946037e-06
1.04737090e+01 2.37455422e+00 7.18717238e-07
1.07189132e+01 2.36069331e+00 3.40244492e-07
1.09698580e+01 2.34768543e+00 1.11433257e-06
1.12266777e+01 2.33860708e+00 1.08328122e-06
1.14895100e+01 2.32588959e+00 6.49225125e-07
1.17584955e+01 2.31470975e+00 1.23627668e-06
1.20337784e+01 2.30135845e+00 7.88700676e-07
1.23155060e+01 2.29075217e+00 4.41792628e-07
1.26038293e+01 2.28023223e+00 1.32995338e-06
1.28989026e+01 2.26757470e+00 6.26920417e-07
1.32008840e+01 2.25759932e+00 5.55040412e-07
1.35099352e+01 2.24386026e+00 2.98438782e-07
1.38262217e+01 2.23245069e+00 2.97700995e-07
1.41499130e+01 2.22214648e+00 9.77431671e-07
1.44811823e+01 2.21006566e+00 7.62339913e-07
1.48202071e+01 2.19975032e+00 5.31840550e-07
1.51671689e+01 2.18908402e+00 7.81455443e-07
1.55222536e+01 2.17828170e+00 2.84778320e-07
1.58856513e+01 2.16812861e+00 4.21379563e-07
1.62575567e+01 2.15658952e+00 1.63756798e-06
1.66381689e+01 2.14640021e+00 8.22480617e-07
1.70276917e+01 2.13784742e+00 4.52818085e-07
1.74263339e+01 2.12717370e+00 8.31871008e-07
1.78343088e+01 2.11717055e+00 1.02257264e-06
1.82518349e+01 2.10540770e+00 7.34856228e-07
1.86791360e+01 2.09538113e+00 6.59262165e-07
1.91164408e+01 2.08494752e+00 1.76826385e-06
1.95639834e+01 2.07681614e+00 6.27538708e-07
2.00220037e+01 2.06695386e+00 5.20304555e-07
2.04907469e+01 2.05727002e+00 2.83937518e-07
2.09704640e+01 2.04800512e+00 1.72508365e-06
2.14614120e+01 2.03973364e+00 9.71528766e-07
2.19638537e+01 2.02982478e+00 1.09824406e-06
2.24780583e+01 2.02124872e+00 5.57337278e-07
2.30043012e+01 2.01209686e+00 8.92444258e-07
2.35428641e+01 2.00009521e+00 2.88341724e-07
2.40940356e+01 1.99415100e+00 2.13760126e-06
2.46581108e+01 1.98548645e+00 9.82594339e-07
2.52353917e+01 1.97608697e+00 9.74170284e-07
2.58261876e+01 1.96941268e+00 1.10518585e-06
2.64308149e+01 1.96010514e+00 1.44745110e-06
2.70495973e+01 1.95339323e+00 1.24654632e-06
2.76828663e+01 1.94387015e+00 1.09532319e-06
2.83309610e+01 1.93584576e+00 1.20959907e-06
2.89942285e+01 1.92829049e+00 1.49104533e-06
2.96730241e+01 1.92003115e+00 6.67128137e-07
3.03677112e+01 1.91478119e+00 6.53790927e-07
3.10786619e+01 1.90632045e+00 7.11819934e-07
3.18062569e+01 1.90060796e+00 4.41614595e-07
3.25508860e+01 1.89197172e+00 6.62256106e-07
3.33129479e+01 1.88648417e+00 1.27872828e-06
3.40928507e+01 1.88029325e+00 7.24926333e-07
3.48910121e+01 1.87280032e+00 1.12164035e-06
3.57078596e+01 1.86731278e+00 4.17705391e-07
3.65438307e+01 1.85938756e+00 1.19998386e-06
3.73993730e+01 1.85423054e+00 6.96500757e-07
3.82749448e+01 1.84629147e+00 8.98146319e-07
3.91710149e+01 1.84080244e+00 9.95125113e-07
4.00880633e+01 1.83624984e+00 6.95038588e-07
4.10265811e+01 1.82931352e+00 8.72418745e-07
4.19870708e+01 1.82200202e+00 9.56032310e-07
4.29700470e+01 1.81793151e+00 4.82639752e-07
4.39760361e+01 1.81246491e+00 1.44417951e-06
4.50055768e+01 1.80698263e+00 9.63354532e-07
4.60592204e+01 1.80131006e+00 1.23699225e-06
4.71375313e+01 1.79753084e+00 1.43922017e-06
4.82410870e+01 1.79290551e+00 1.25381779e-06
4.93704785e+01 1.78891869e+00 4.40041200e-07
5.05263107e+01 1.78265518e+00 6.95767319e-07
5.17092024e+01 1.77832482e+00 2.08724993e-06
5.29197874e+01 1.77341269e+00 4.70536594e-07
5.41587138e+01 1.76969744e+00 4.92197913e-07
5.54266452e+01 1.76434721e+00 1.45945691e-06
5.67242607e+01 1.75953556e+00 5.86984570e-07
5.80522552e+01 1.75545269e+00 6.22938384e-07
5.94113398e+01 1.75540083e+00 5.97787746e-07
6.08022426e+01 1.74866720e+00 8.98633872e-07
6.22257084e+01 1.74393736e+00 9.22497150e-07
6.36824994e+01 1.74040047e+00 3.86909802e-07
6.51733960e+01 1.73922362e+00 2.32870332e-06
6.66991966e+01 1.73498228e+00 1.88411855e-06
6.82607183e+01 1.73001307e+00 1.65694043e-06
6.98587975e+01 1.72667515e+00 8.63552690e-07
7.14942899e+01 1.72334429e+00 2.20041577e-06
7.31680714e+01 1.72095333e+00 7.31474056e-07
7.48810386e+01 1.71733844e+00 9.29473694e-07
7.66341087e+01 1.71237404e+00 3.07147066e-07
7.84282206e+01 1.71205785e+00 2.78109672e-06
8.02643352e+01 1.70575552e+00 1.23227573e-06
8.21434358e+01 1.70369711e+00 4.12876954e-07
8.40665289e+01 1.70083577e+00 1.02382545e-06
8.60346442e+01 1.70143352e+00 1.45929025e-06
8.80488358e+01 1.69517383e+00 1.98064709e-06
9.01101825e+01 1.69286777e+00 1.69144441e-06
9.22197882e+01 1.68991402e+00 7.57669929e-07
9.43787828e+01 1.68842551e+00 1.45142047e-06
9.65883224e+01 1.68594608e+00 2.08028500e-06
9.88495905e+01 1.68461473e+00 7.41778504e-07
1.01163798e+02 1.67927251e+00 1.30758257e-06
1.03532184e+02 1.67868088e+00 5.12274876e-07
1.05956018e+02 1.67400258e+00 4.58811377e-07
1.08436597e+02 1.67315769e+00 9.67693255e-07
1.10975250e+02 1.67009057e+00 5.70998666e-07
1.13573336e+02 1.66986615e+00 8.77996651e-07
1.16232247e+02 1.66479776e+00 8.80818178e-07
1.18953407e+02 1.66214665e+00 1.21409732e-06
1.21738273e+02 1.66333443e+00 1.77296276e-06
1.24588336e+02 1.66145773e+00 1.64769138e-06
1.27505124e+02 1.65587801e+00 1.37795373e-06
1.30490198e+02 1.65665660e+00 1.31175183e-06
1.33545156e+02 1.65398425e+00 2.68020523e-06
1.36671636e+02 1.65143336e+00 8.40050806e-07
1.39871310e+02 1.65035362e+00 1.30592530e-06
1.43145894e+02 1.64695411e+00 7.66538436e-07
1.46497140e+02 1.64306637e+00 2.24157316e-06
1.49926843e+02 1.64513648e+00 4.13137874e-07
1.53436841e+02 1.64417228e+00 1.43349224e-06
1.57029012e+02 1.64065164e+00 1.25132362e-06
1.60705282e+02 1.64064890e+00 1.23921101e-06
1.64467618e+02 1.63944729e+00 1.53698631e-06
1.68318035e+02 1.63668191e+00 1.76708506e-06
1.72258597e+02 1.63715045e+00 1.90114698e-06
1.76291412e+02 1.63385934e+00 1.48771512e-06
1.80418641e+02 1.63173697e+00 1.28889918e-06
1.84642494e+02 1.63145623e+00 5.21183387e-07
1.88965234e+02 1.62847752e+00 2.34830227e-06
1.93389175e+02 1.62900528e+00 1.41058454e-06
1.97916687e+02 1.62732106e+00 1.04293100e-06
2.02550194e+02 1.62302849e+00 1.37993536e-06
2.07292178e+02 1.62517850e+00 1.33856369e-06
2.12145178e+02 1.62378820e+00 1.10790388e-06
2.17111795e+02 1.62283891e+00 2.08573447e-06
2.22194686e+02 1.62093568e+00 1.60205084e-06
2.27396575e+02 1.62147795e+00 2.55228457e-06
2.32720248e+02 1.61878692e+00 2.40788526e-06
2.38168555e+02 1.61684420e+00 1.23228216e-06
2.43744415e+02 1.61750378e+00 2.68442532e-07
2.49450814e+02 1.61667291e+00 1.04197622e-06
2.55290807e+02 1.61438906e+00 2.60597921e-06
2.61267523e+02 1.61481811e+00 1.03216924e-06
2.67384162e+02 1.61189552e+00 1.24549523e-06
2.73644000e+02 1.61098739e+00 1.55527981e-06
2.80050389e+02 1.61301416e+00 1.10821467e-06
2.86606762e+02 1.60986889e+00 1.47205620e-06
2.93316628e+02 1.61005246e+00 7.08501614e-07
3.00183581e+02 1.60997301e+00 2.29029278e-06
3.07211300e+02 1.60850084e+00 8.94409022e-07
3.14403547e+02 1.60596621e+00 7.68006812e-07
3.21764175e+02 1.60658535e+00 9.82082272e-07
3.29297126e+02 1.60351340e+00 8.62771912e-07
3.37006433e+02 1.60382980e+00 9.30946733e-07
3.44896226e+02 1.60080187e+00 3.12894774e-07
3.52970730e+02 1.60012606e+00 1.68013595e-06
3.61234270e+02 1.60311673e+00 1.01684839e-06
3.69691271e+02 1.60148257e+00 4.24183908e-06
3.78346262e+02 1.59724997e+00 6.64045722e-07
3.87203878e+02 1.59929294e+00 1.00072465e-06
3.96268864e+02 1.59884344e+00 8.82800183e-07
4.05546074e+02 1.59840368e+00 2.24625685e-06
4.15040476e+02 1.59902027e+00 1.03865809e-06
4.24757155e+02 1.59452162e+00 9.49380454e-07
4.34701316e+02 1.59601316e+00 1.12106421e-06
4.44878283e+02 1.59899214e+00 2.89331078e-06
4.55293507e+02 1.59617429e+00 1.34608531e-06
4.65952567e+02 1.59599049e+00 7.34449135e-07
4.76861170e+02 1.59552926e+00 8.10656841e-07
4.88025158e+02 1.59292302e+00 1.84874281e-06
4.99450512e+02 1.59345314e+00 2.20368258e-06
5.11143348e+02 1.59111509e+00 1.84232985e-06
5.23109931e+02 1.59011709e+00 2.87458195e-06
5.35356668e+02 1.59066058e+00 2.50076683e-06
5.47890118e+02 1.58945652e+00 1.38077463e-06
5.60716994e+02 1.58936206e+00 2.45770251e-06
5.73844165e+02 1.59027347e+00 2.25462064e-06
5.87278661e+02 1.59029266e+00 1.62318566e-06
6.01027678e+02 1.58764951e+00 1.34883342e-06
6.15098579e+02 1.59036102e+00 1.32920366e-06
6.29498899e+02 1.58730833e+00 1.53411573e-06
6.44236351e+02 1.58779839e+00 1.80236120e-06
6.59318827e+02 1.59074591e+00 1.02055135e-06
6.74754405e+02 1.58468370e+00 8.48192263e-07
6.90551352e+02 1.58562969e+00 1.14566827e-06
7.06718127e+02 1.58507621e+00 2.35371761e-06
7.23263390e+02 1.58380017e+00 1.31197311e-06
7.40196000e+02 1.58491635e+00 2.68413393e-06
7.57525026e+02 1.58528011e+00 2.41383980e-06
7.75259749e+02 1.58300992e+00 4.27497431e-07
7.93409667e+02 1.57993713e+00 2.55825006e-06
8.11984499e+02 1.58380930e+00 6.01239726e-07
8.30994195e+02 1.58195376e+00 1.78933051e-06
8.50448934e+02 1.57919733e+00 2.16151008e-06
8.70359136e+02 1.58176060e+00 1.26946884e-06
8.90735464e+02 1.58107054e+00 1.15514406e-06
9.11588830e+02 1.58028658e+00 4.81696974e-06
9.32930403e+02 1.58060405e+00 1.89440277e-06
9.54771611e+02 1.57991888e+00 2.79541208e-06
9.77124154e+02 1.57983540e+00 2.56375976e-06
1.00000000e+03 1.57952792e+00 2.32768970e-06
