# Dati processati dal Bode Plotter (GUADAGNO)
# Colonna 1: Frequenza [Hz]
# Colonna 2: Ampiezza Media (su 10 acquisizioni)
# Colonna 3: Varianza campionaria della media (su 10 acquisizioni)
1.00000000e+01 3.30392102e+02 4.64255558e-01
1.05956018e+01 3.29885554e+02 1.04331600e+00
1.12266777e+01 3.30349774e+02 3.85915916e-01
1.18953407e+01 3.29328491e+02 9.10843992e-01
1.26038293e+01 3.29716179e+02 5.30494815e-01
1.33545156e+01 3.30733319e+02 8.02266863e-01
1.41499130e+01 3.29077632e+02 1.85758867e-01
1.49926843e+01 3.29454071e+02 4.81451041e-01
1.58856513e+01 3.29412275e+02 9.81002356e-01
1.68318035e+01 3.30540703e+02 1.79638391e+00
1.78343088e+01 3.29347880e+02 1.22474112e+00
1.88965234e+01 3.30351061e+02 7.14079135e-01
2.00220037e+01 3.29498293e+02 6.66370565e-01
2.12145178e+01 3.30636752e+02 3.11385025e-01
2.24780583e+01 3.30386373e+02 5.55775640e-01
2.38168555e+01 3.31588199e+02 5.41634026e-01
2.52353917e+01 3.29485401e+02 5.47018581e-01
2.67384162e+01 3.28429183e+02 7.00362026e-01
2.83309610e+01 3.30087303e+02 4.86043537e-01
3.00183581e+01 3.29812746e+02 3.09432476e-01
3.18062569e+01 3.30367566e+02 2.92978368e-01
3.37006433e+01 3.29551452e+02 1.03600646e+00
3.57078596e+01 3.30538937e+02 5.92288834e-01
3.78346262e+01 3.31057169e+02 5.58908610e-01
4.00880633e+01 3.31864902e+02 6.53825749e-01
4.24757155e+01 3.31039472e+02 8.45187957e-01
4.50055768e+01 3.31180451e+02 8.90284946e-01
4.76861170e+01 3.29154111e+02 6.22809948e-01
5.05263107e+01 3.30028724e+02 6.79396841e-01
5.35356668e+01 3.29018070e+02 1.35416152e+00
5.67242607e+01 3.31192473e+02 4.11113873e-01
6.01027678e+01 3.30852456e+02 3.74258517e-01
6.36824994e+01 3.30024349e+02 2.80842086e-01
6.74754405e+01 3.30612847e+02 5.51474646e-01
7.14942899e+01 3.30442824e+02 8.27325543e-01
7.57525026e+01 3.30158127e+02 4.99228264e-01
8.02643352e+01 3.29542893e+02 4.17180480e-01
8.50448934e+01 3.29854039e+02 9.79380756e-01
9.01101825e+01 3.31301424e+02 8.82838853e-01
9.54771611e+01 3.29662752e+02 2.59026613e-01
1.01163798e+02 3.31691215e+02 1.24581365e+00
1.07189132e+02 3.31705287e+02 5.39596334e-01
1.13573336e+02 3.30394842e+02 7.92264815e-01
1.20337784e+02 3.30232349e+02 6.53189143e-01
1.27505124e+02 3.30557060e+02 2.52067037e-01
1.35099352e+02 3.30980740e+02 6.06851854e-01
1.43145894e+02 3.30989936e+02 3.59180857e-01
1.51671689e+02 3.30401351e+02 7.91036750e-01
1.60705282e+02 3.28620769e+02 4.88926075e-01
1.70276917e+02 3.30218203e+02 3.91413465e-01
1.80418641e+02 3.30086191e+02 5.11606044e-01
1.91164408e+02 3.29849955e+02 1.71126460e-01
2.02550194e+02 3.30301822e+02 5.58436572e-01
2.14614120e+02 3.31518644e+02 5.34904809e-01
2.27396575e+02 3.30728736e+02 8.12229395e-01
2.40940356e+02 3.31202093e+02 2.14226156e-01
2.55290807e+02 3.31525291e+02 7.82128483e-01
2.70495973e+02 3.29325115e+02 3.29265664e-01
2.86606762e+02 3.29178355e+02 1.32852804e-01
3.03677112e+02 3.29791139e+02 3.97654682e-01
3.21764175e+02 3.30366991e+02 9.40267308e-01
3.40928507e+02 3.29832875e+02 5.57648079e-01
3.61234270e+02 3.27829182e+02 4.14394130e-01
3.82749448e+02 3.30913866e+02 1.01025488e+00
4.05546074e+02 3.29355432e+02 9.97553403e-01
4.29700470e+02 3.30875191e+02 1.87545254e-01
4.55293507e+02 3.30277476e+02 4.59618677e-01
4.82410870e+02 3.30261819e+02 2.40867352e-01
5.11143348e+02 3.29301763e+02 8.60596974e-01
5.41587138e+02 3.29074434e+02 8.18580343e-01
5.73844165e+02 3.31506221e+02 8.48516985e-01
6.08022426e+02 3.31403048e+02 4.89910803e-01
6.44236351e+02 3.29058629e+02 3.40265399e-01
6.82607183e+02 3.27334328e+02 3.99194932e-01
7.23263390e+02 3.28165618e+02 6.08082161e-01
7.66341087e+02 3.29532789e+02 5.89605082e-01
8.11984499e+02 3.28098059e+02 1.03368181e+00
8.60346442e+02 3.29371692e+02 5.13875648e-01
9.11588830e+02 3.28613786e+02 1.19748055e+00
9.65883224e+02 3.29050151e+02 6.84785120e-01
1.02341140e+03 3.27779045e+02 5.39735388e-01
1.08436597e+03 3.28110098e+02 8.47538482e-01
1.14895100e+03 3.26774901e+02 1.44000098e+00
1.21738273e+03 3.27472368e+02 4.96390594e-01
1.28989026e+03 3.27095883e+02 4.76591648e-01
1.36671636e+03 3.25111694e+02 3.43697567e-01
1.44811823e+03 3.24731143e+02 3.38503485e-01
1.53436841e+03 3.27211920e+02 9.59074272e-01
1.62575567e+03 3.24596771e+02 8.38710978e-02
1.72258597e+03 3.23990639e+02 7.89513596e-01
1.82518349e+03 3.22234474e+02 3.19400398e-01
1.93389175e+03 3.22968171e+02 4.68275750e-01
2.04907469e+03 3.23103575e+02 1.16005245e+00
2.17111795e+03 3.20517034e+02 1.28534064e+00
2.30043012e+03 3.20687585e+02 4.78624655e-01
2.43744415e+03 3.19904228e+02 9.43987296e-01
2.58261876e+03 3.16596956e+02 5.36412690e-01
2.73644000e+03 3.15354565e+02 7.74960636e-01
2.89942285e+03 3.14439631e+02 5.16714824e-01
3.07211300e+03 3.10802239e+02 1.05838450e+00
3.25508860e+03 3.08616499e+02 5.95417516e-01
3.44896226e+03 3.08489794e+02 1.16914793e+00
3.65438307e+03 3.05893405e+02 6.60385803e-01
3.87203878e+03 3.00893678e+02 5.98991053e-01
4.10265811e+03 2.97323287e+02 6.77596575e-01
4.34701316e+03 2.96151901e+02 1.35774815e+00
4.60592204e+03 2.92250676e+02 1.31670621e+00
4.88025158e+03 2.88003455e+02 1.43129823e+00
5.17092024e+03 2.84938027e+02 1.05186706e+00
5.47890118e+03 2.82493211e+02 1.25691962e+00
5.80522552e+03 2.76396197e+02 1.40176112e+00
6.15098579e+03 2.69289054e+02 8.49793180e-01
6.51733960e+03 2.67219008e+02 1.51051393e+00
6.90551352e+03 2.61236310e+02 8.87911942e-01
7.31680714e+03 2.54946144e+02 5.13871983e-01
7.75259749e+03 2.46609219e+02 9.16823678e-01
8.21434358e+03 2.42747440e+02 7.54294850e-01
8.70359136e+03 2.34564159e+02 2.92522140e-01
9.22197882e+03 2.29785036e+02 7.74615838e-01
9.77124154e+03 2.19275883e+02 5.24257364e-01
1.03532184e+04 2.14831211e+02 1.31208701e+00
1.09698580e+04 2.07222279e+02 7.57922605e-01
1.16232247e+04 1.98379211e+02 2.31772137e-01
1.23155060e+04 1.93498856e+02 6.82506326e-01
1.30490198e+04 1.84131472e+02 4.42473816e-01
1.38262217e+04 1.79434067e+02 4.46356121e-01
1.46497140e+04 1.70684741e+02 6.79886443e-01
1.55222536e+04 1.63334476e+02 1.28802605e+00
1.64467618e+04 1.56354601e+02 9.85087444e-01
1.74263339e+04 1.50617950e+02 4.23088515e-01
1.84642494e+04 1.41172284e+02 3.40290643e-01
1.95639834e+04 1.35018238e+02 3.88956139e-01
2.07292178e+04 1.29593760e+02 3.55009408e-01
2.19638537e+04 1.22967236e+02 4.36783919e-01
2.32720248e+04 1.17984847e+02 4.69213343e-01
2.46581108e+04 1.11737040e+02 6.41410972e-01
2.61267523e+04 1.05394437e+02 6.11429033e-01
2.76828663e+04 1.00938037e+02 2.50827881e-01
2.93316628e+04 9.46627242e+01 2.59830163e-01
3.10786619e+04 8.93639659e+01 4.97133430e-01
3.29297126e+04 8.66600068e+01 1.92711236e-01
3.48910121e+04 8.14635380e+01 2.15569498e-01
3.69691271e+04 7.66955223e+01 2.39660850e-01
3.91710149e+04 7.36419007e+01 3.19447348e-01
4.15040476e+04 6.83745028e+01 2.04500717e-01
4.39760361e+04 6.54007028e+01 4.75552977e-01
4.65952567e+04 6.16301682e+01 5.55008015e-01
4.93704785e+04 5.74194605e+01 8.25451087e-02
5.23109931e+04 5.51088544e+01 2.62537601e-01
5.54266452e+04 5.22167742e+01 1.55232988e-01
5.87278661e+04 4.99556607e+01 2.04151188e-01
6.22257084e+04 4.62894604e+01 2.73343578e-01
6.59318827e+04 4.37060921e+01 3.85260765e-01
6.98587975e+04 4.15926674e+01 2.72443262e-01
7.40196000e+04 3.90709688e+01 2.56277973e-01
7.84282206e+04 3.65858909e+01 2.55870805e-01
8.30994195e+04 3.43769396e+01 3.02983258e-01
8.80488358e+04 3.27885826e+01 1.64573645e-01
9.32930403e+04 3.19524073e+01 3.02767717e-01
9.88495905e+04 2.94608641e+01 2.28463726e-01
1.04737090e+05 2.69492642e+01 3.45547582e-01
1.10975250e+05 2.50650817e+01 2.69968314e-01
1.17584955e+05 2.46587107e+01 2.30038092e-01
1.24588336e+05 2.36520161e+01 2.97241260e-01
1.32008840e+05 2.16782677e+01 3.17625578e-01
1.39871310e+05 2.02995277e+01 2.45110461e-01
1.48202071e+05 2.00375727e+01 1.18034075e-01
1.57029012e+05 1.88596089e+01 2.52127987e-01
1.66381689e+05 1.74835281e+01 1.35804490e-01
1.76291412e+05 1.63311438e+01 1.11828740e-01
1.86791360e+05 1.53629374e+01 1.75568135e-01
1.97916687e+05 1.46693631e+01 1.27473008e-01
2.09704640e+05 1.35015859e+01 2.15343353e-01
2.22194686e+05 1.32839284e+01 4.25131561e-01
2.35428641e+05 1.24619222e+01 1.56301810e-01
2.49450814e+05 1.13191655e+01 1.20253132e-01
2.64308149e+05 1.06878944e+01 1.13085610e-01
2.80050389e+05 9.80865777e+00 6.66929099e-02
2.96730241e+05 9.34704888e+00 2.00933972e-02
3.14403547e+05 8.99314478e+00 6.71793359e-02
3.33129479e+05 8.37188704e+00 3.72336581e-02
3.52970730e+05 7.99210152e+00 7.84405463e-02
3.73993730e+05 7.59021166e+00 1.89429275e-01
3.96268864e+05 7.22331721e+00 6.06181029e-02
4.19870708e+05 6.97943191e+00 5.58432608e-02
4.44878283e+05 6.21562678e+00 3.53437348e-02
4.71375313e+05 5.64721951e+00 5.38472304e-02
4.99450512e+05 5.68207272e+00 1.92513891e-02
5.29197874e+05 5.46850277e+00 4.48575517e-02
5.60716994e+05 4.65946015e+00 2.79673591e-02
5.94113398e+05 4.54898134e+00 1.92632009e-02
6.29498899e+05 3.99339835e+00 1.55946530e-02
6.66991966e+05 4.10632722e+00 1.77250138e-02
7.06718127e+05 3.78102784e+00 2.92628127e-02
7.48810386e+05 3.47753613e+00 9.86372001e-03
7.93409667e+05 3.28221316e+00 1.03677957e-02
8.40665289e+05 3.13557768e+00 1.10198264e-02
8.90735464e+05 2.84593329e+00 5.35768220e-03
9.43787828e+05 2.60029792e+00 1.12392243e-02
1.00000000e+06 2.40975926e+00 5.07700903e-03
