-5.000000000000000104e-04	3.469756238275304994e-01	3.224939908781759845e-02
-4.989999999999999861e-04	3.929140197678797630e-01	2.852069762362059724e-02
-4.979999999999999618e-04	-1.184751329862363312e+00	2.106329469522659481e-02
-4.969999999999999375e-04	-1.417461160392307740e+00	-5.037615554152413688e-03
-4.960000000000000216e-04	-1.462728922815279775e+00	-8.766317018349414902e-03
-4.949999999999999973e-04	-1.477482860197581571e+00	-1.308914089955412474e-03
-4.939999999999999730e-04	-1.470776525023808068e+00	-5.037615554152413688e-03
-4.929999999999999487e-04	-1.464405506608723151e+00	-5.037615554152413688e-03
-4.919999999999999244e-04	-1.497937182477591112e+00	-8.766317018349414902e-03
-4.910000000000000085e-04	-7.055836816962384184e-01	6.148488838438589954e-03
-4.899999999999999842e-04	-8.990614514596072526e-01	9.877190302635591168e-03
-4.889999999999999599e-04	-1.218953639248608667e+00	1.733459323102959360e-02
-4.879999999999999898e-04	-7.981311070943143404e-01	9.877190302635591168e-03
-4.869999999999999655e-04	-8.065140260615314416e-01	6.148488838438589954e-03
-4.859999999999999954e-04	-1.133112549024306359e+00	1.360589176683259238e-02
-4.849999999999999711e-04	-2.274219838061796728e-01	1.360589176683259238e-02
-4.840000000000000010e-04	3.315510529278511975e-01	3.970680201621160088e-02
-4.829999999999999767e-04	3.818485667311533049e-01	3.597810055201459967e-02
-4.819999999999999524e-04	-1.186763230414495496e+00	9.877190302635591168e-03
-4.809999999999999823e-04	-1.410084191701156842e+00	-5.037615554152413688e-03
-4.799999999999999580e-04	-1.451663469778553317e+00	-1.308914089955412474e-03
-4.789999999999999879e-04	-1.460717022263147591e+00	-5.037615554152413688e-03
-4.779999999999999635e-04	-1.480836027784468545e+00	-1.308914089955412474e-03
-4.769999999999999934e-04	-1.487207046199553462e+00	2.419787374241588740e-03
-4.759999999999999691e-04	-1.482512611577911921e+00	-1.308914089955412474e-03
-4.749999999999999990e-04	-7.505161273605216454e-01	6.148488838438589954e-03
-4.739999999999999747e-04	-7.790180518490595896e-01	6.148488838438589954e-03
-4.730000000000000046e-04	-1.196487416416467164e+00	9.877190302635591168e-03
-4.719999999999999803e-04	-8.598293906930316588e-01	9.877190302635591168e-03
-4.709999999999999560e-04	-7.438097921867480311e-01	1.360589176683259238e-02
-4.699999999999999859e-04	-1.102598723983636564e+00	9.877190302635591168e-03
-4.689999999999999616e-04	-2.086686045395231767e-02	1.360589176683259238e-02
-4.679999999999999915e-04	3.587117103816343522e-01	3.970680201621160088e-02
-4.669999999999999672e-04	3.959318705960778728e-01	3.970680201621160088e-02
-4.659999999999999971e-04	-1.215600471661721915e+00	2.106329469522659481e-02
-4.649999999999999728e-04	-1.417796477150996548e+00	6.148488838438589954e-03
-4.640000000000000027e-04	-1.450992836261175922e+00	-1.308914089955412474e-03
-4.629999999999999784e-04	-1.458369804952326820e+00	-1.308914089955412474e-03
-4.619999999999999541e-04	-1.482847928336600507e+00	-5.037615554152413688e-03
-4.609999999999999840e-04	-1.475806276404138195e+00	-5.037615554152413688e-03
-4.599999999999999597e-04	-1.459711071987081610e+00	-1.308914089955412474e-03
-4.589999999999999896e-04	-8.159028953048144128e-01	1.733459323102959360e-02
-4.579999999999999653e-04	-7.434744754280594448e-01	2.419787374241588740e-03
-4.569999999999999952e-04	-1.199840584003353916e+00	1.360589176683259238e-02
-4.559999999999999709e-04	-9.144860223592865545e-01	9.877190302635591168e-03
-4.550000000000000008e-04	-7.129606503873894274e-01	9.877190302635591168e-03
-4.539999999999999765e-04	-1.072420215701655355e+00	9.877190302635591168e-03
-4.530000000000000064e-04	-9.768549394753812676e-01	1.733459323102959360e-02
-4.519999999999999821e-04	-7.622522139146254982e-01	9.877190302635591168e-03
-4.509999999999999578e-04	2.742118871920867784e-01	3.224939908781759845e-02
-4.499999999999999877e-04	3.603882941750777280e-01	3.597810055201459967e-02
-4.489999999999999634e-04	-5.781633133945397462e-01	2.852069762362059724e-02
-4.479999999999999933e-04	-1.400695322457873759e+00	-5.037615554152413688e-03
-4.469999999999999690e-04	-1.479830077508402342e+00	-1.995242141094041854e-02
-4.459999999999999989e-04	-1.511014536066449754e+00	2.419787374241588740e-03
-4.449999999999999746e-04	-1.523421256137931001e+00	-8.766317018349414902e-03
-4.440000000000000045e-04	-1.528115690759572320e+00	-1.308914089955412474e-03
-4.429999999999999802e-04	-1.531133541587770486e+00	2.419787374241588740e-03
-4.419999999999999559e-04	-8.973848676661638768e-01	-5.037615554152413688e-03
-4.409999999999999858e-04	-1.305800679748977178e+00	1.733459323102959360e-02
-4.399999999999999615e-04	-8.742480113166448685e-01	2.106329469522659481e-02
-4.389999999999999914e-04	-7.719763999165972779e-01	6.148488838438589954e-03
-4.379999999999999671e-04	-1.193804882346957585e+00	6.148488838438589954e-03
-4.369999999999999970e-04	-9.805434238209567166e-01	1.360589176683259238e-02
-4.359999999999999726e-04	-7.894128713684086529e-01	1.360589176683259238e-02
-4.350000000000000026e-04	1.930652315894260118e-01	2.479199615942359602e-02
-4.339999999999999782e-04	3.385927048603134537e-01	3.970680201621160088e-02
-4.329999999999999539e-04	3.493228411383512699e-01	2.852069762362059724e-02
-4.319999999999999838e-04	-1.405725073838203887e+00	6.148488838438589954e-03
-4.309999999999999595e-04	-1.493578064614638379e+00	-1.308914089955412474e-03
-4.299999999999999894e-04	-1.535827976209412027e+00	-1.308914089955412474e-03
-4.289999999999999651e-04	-1.536833926485478230e+00	-5.037615554152413688e-03
-4.279999999999999950e-04	-1.530462908070393091e+00	-5.037615554152413688e-03
-4.269999999999999707e-04	-1.537504560002855403e+00	-5.037615554152413688e-03
-4.260000000000000006e-04	-1.115340760813806398e+00	-1.308914089955412474e-03
-4.249999999999999763e-04	-1.260532917326005142e+00	2.479199615942359602e-02
-4.240000000000000062e-04	-7.320737056326442893e-01	1.360589176683259238e-02
-4.229999999999999819e-04	-9.027499358051828127e-01	9.877190302635591168e-03
-4.219999999999999576e-04	-1.194810832623023789e+00	2.419787374241588740e-03
-4.209999999999999875e-04	-8.209326466851446513e-01	1.360589176683259238e-02
-4.199999999999999632e-04	-8.165735288221918076e-01	9.877190302635591168e-03
-4.189999999999999931e-04	1.907180142786052690e-01	9.877190302635591168e-03
-4.179999999999999688e-04	3.771541321095117638e-01	3.970680201621160088e-02
-4.169999999999999987e-04	3.919080694918137264e-01	2.852069762362059724e-02
-4.159999999999999744e-04	-1.373199348245401907e+00	-1.308914089955412474e-03
-4.150000000000000043e-04	-1.457028537917572031e+00	2.419787374241588740e-03
-4.139999999999999800e-04	-1.485865779164798672e+00	-1.308914089955412474e-03
-4.129999999999999557e-04	-1.481841978060534526e+00	6.148488838438589954e-03
-4.119999999999999856e-04	-1.481171344543157131e+00	-1.308914089955412474e-03
-4.109999999999999613e-04	-1.487877679716930635e+00	-1.249501848254641612e-02
-4.099999999999999912e-04	-1.187769180690561477e+00	-1.249501848254641612e-02
-4.089999999999999669e-04	-1.161614473512844414e+00	9.877190302635591168e-03
-4.079999999999999968e-04	-6.385203299585022751e-01	6.148488838438589954e-03
-4.069999999999999725e-04	-9.238748916025696367e-01	2.419787374241588740e-03
-4.060000000000000024e-04	-1.114334810537740417e+00	1.733459323102959360e-02
-4.049999999999999781e-04	-7.159785012155875927e-01	1.360589176683259238e-02
-4.040000000000000080e-04	3.707831136944268469e-01	3.224939908781759845e-02
-4.029999999999999837e-04	4.126977085305119086e-01	3.224939908781759845e-02
-4.019999999999999594e-04	-9.030852525638713990e-01	1.360589176683259238e-02
-4.009999999999999893e-04	-1.354421609758835743e+00	-1.249501848254641612e-02
-3.999999999999999650e-04	-1.420814327979194491e+00	-1.308914089955412474e-03
-3.989999999999999949e-04	-1.428526613429034198e+00	-8.766317018349414902e-03
-3.979999999999999706e-04	-1.438921432948383261e+00	2.419787374241588740e-03
-3.970000000000000005e-04	-1.430538513981166382e+00	6.148488838438589954e-03
-3.959999999999999762e-04	-1.441603967017892840e+00	-8.766317018349414902e-03
-3.950000000000000061e-04	-6.016354865027474519e-01	2.419787374241588740e-03
-3.939999999999999817e-04	-1.106957841846589297e+00	9.877190302635591168e-03
-3.929999999999999574e-04	-9.999917958249002758e-01	9.877190302635591168e-03
-3.919999999999999873e-04	-5.992882691919266813e-01	9.877190302635591168e-03
-3.909999999999999630e-04	-9.423173133304471039e-01	1.733459323102959360e-02
-3.899999999999999929e-04	-1.015751683483268275e+00	1.733459323102959360e-02
-3.889999999999999686e-04	-6.693694717578609898e-01	2.419787374241588740e-03
-3.879999999999999985e-04	3.677652628662286816e-01	3.224939908781759845e-02
-3.869999999999999742e-04	4.455587508820026410e-01	3.970680201621160088e-02
-3.860000000000000041e-04	-9.087856374615790322e-01	2.479199615942359602e-02
-3.849999999999999798e-04	-1.337991088583090349e+00	-8.766317018349414902e-03
-3.840000000000000097e-04	-1.389965186179835888e+00	-8.766317018349414902e-03
-3.829999999999999854e-04	-1.417125843633619153e+00	-5.037615554152413688e-03
-3.819999999999999611e-04	-1.426179396118213427e+00	2.419787374241588740e-03
-3.809999999999999910e-04	-1.409078241425090861e+00	-1.308914089955412474e-03
-3.799999999999999667e-04	-1.412766725770666199e+00	-1.308914089955412474e-03
-3.789999999999999966e-04	-6.016354865027474519e-01	9.877190302635591168e-03
-3.779999999999999723e-04	-1.127412164126598837e+00	1.360589176683259238e-02
-3.770000000000000022e-04	-8.977201844248525742e-01	9.877190302635591168e-03
-3.759999999999999779e-04	-5.912406669833982775e-01	2.419787374241588740e-03
-3.750000000000000078e-04	-9.906029265816170826e-01	-1.308914089955412474e-03
-3.739999999999999835e-04	-9.342697111219188111e-01	9.877190302635591168e-03
-3.729999999999999592e-04	-6.184013244371814322e-01	6.148488838438589954e-03
-3.719999999999999891e-04	3.932493365265684604e-01	2.479199615942359602e-02
-3.709999999999999648e-04	4.707075077836537225e-01	3.597810055201459967e-02
-3.699999999999999947e-04	-8.289802488936729441e-01	3.970680201621160088e-02
-3.689999999999999704e-04	-1.318207399820458203e+00	-5.037615554152413688e-03
-3.680000000000000003e-04	-1.379905683419175633e+00	-8.766317018349414902e-03
-3.669999999999999760e-04	-1.402371906251317135e+00	6.148488838438589954e-03
-3.660000000000000059e-04	-1.402707223010005722e+00	-1.308914089955412474e-03
-3.649999999999999816e-04	-1.378899733143109430e+00	-5.037615554152413688e-03
-3.639999999999999573e-04	-1.386947335351637722e+00	-8.766317018349414902e-03
-3.629999999999999872e-04	-6.925063281073798871e-01	2.419787374241588740e-03
-3.619999999999999629e-04	-1.156584722132514065e+00	6.148488838438589954e-03
-3.609999999999999928e-04	-7.679525988123331315e-01	6.148488838438589954e-03
-3.599999999999999685e-04	-5.969410518811059108e-01	9.877190302635591168e-03
-3.589999999999999984e-04	-1.015416366724579467e+00	6.148488838438589954e-03
-3.579999999999999741e-04	-8.400457019303995132e-01	1.733459323102959360e-02
-3.570000000000000040e-04	-6.023061200201248466e-01	1.360589176683259238e-02
-3.559999999999999797e-04	4.019675722524741479e-01	2.479199615942359602e-02
-3.550000000000000096e-04	4.777491597161159786e-01	3.224939908781759845e-02
-3.539999999999999853e-04	-4.125381739427892627e-04	3.970680201621160088e-02
-3.529999999999999609e-04	-1.258521016773873180e+00	2.419787374241588740e-03
-3.519999999999999908e-04	-1.340002989135222533e+00	-1.308914089955412474e-03
-3.509999999999999665e-04	-1.377558466108354862e+00	-8.766317018349414902e-03
-3.499999999999999964e-04	-1.386276701834260550e+00	-8.766317018349414902e-03
-3.489999999999999721e-04	-1.401030639216562346e+00	-1.308914089955412474e-03
-3.480000000000000020e-04	-1.402371906251317135e+00	-1.308914089955412474e-03
-3.469999999999999777e-04	-7.957838897834935699e-01	2.419787374241588740e-03
-3.460000000000000076e-04	-1.183745379586297330e+00	9.877190302635591168e-03
-3.449999999999999833e-04	-7.112840665939460516e-01	9.877190302635591168e-03
-3.439999999999999590e-04	-6.583040187211345318e-01	2.479199615942359602e-02
-3.429999999999999889e-04	-1.067055147562636419e+00	1.733459323102959360e-02
-3.419999999999999646e-04	-8.330040499979372015e-01	9.877190302635591168e-03
-3.409999999999999945e-04	-6.546155343755589717e-01	9.877190302635591168e-03
-3.399999999999999702e-04	3.771541321095117638e-01	3.224939908781759845e-02
-3.390000000000000001e-04	4.556182536426630625e-01	3.597810055201459967e-02
-3.379999999999999758e-04	-3.568542526600104736e-01	3.224939908781759845e-02
-3.370000000000000057e-04	-1.302782828920779012e+00	-1.308914089955412474e-03
-3.359999999999999814e-04	-1.392647720249345467e+00	-8.766317018349414902e-03
-3.350000000000000113e-04	-1.431879781015920949e+00	-8.766317018349414902e-03
-3.339999999999999870e-04	-1.432215097774609758e+00	-5.037615554152413688e-03
-3.329999999999999627e-04	-1.429197246946411592e+00	-1.308914089955412474e-03
-3.319999999999999926e-04	-1.417796477150996548e+00	6.148488838438589954e-03
-3.309999999999999683e-04	-7.485042268083895722e-01	2.419787374241588740e-03
-3.299999999999999982e-04	-1.203529068348929476e+00	1.360589176683259238e-02
-3.289999999999999739e-04	-7.947779395074275888e-01	2.419787374241588740e-03
-3.280000000000000038e-04	-6.515976835473609174e-01	-1.308914089955412474e-03
-3.269999999999999795e-04	-1.077785283840674069e+00	6.148488838438589954e-03
-3.260000000000000094e-04	-8.662004091081165758e-01	1.733459323102959360e-02
-3.249999999999999851e-04	-6.693694717578609898e-01	-1.308914089955412474e-03
-3.239999999999999608e-04	3.496581578970399673e-01	1.733459323102959360e-02
-3.229999999999999907e-04	4.475706514341347142e-01	2.852069762362059724e-02
-3.219999999999999664e-04	-7.045777314201724373e-01	3.224939908781759845e-02
-3.209999999999999963e-04	-1.332961337202760221e+00	-1.308914089955412474e-03
-3.199999999999999720e-04	-1.400360005699184951e+00	-1.308914089955412474e-03
-3.190000000000000019e-04	-1.428526613429034198e+00	-8.766317018349414902e-03
-3.179999999999999776e-04	-1.414107992805420988e+00	6.148488838438589954e-03
-3.170000000000000075e-04	-1.412096092253288804e+00	2.419787374241588740e-03
-3.159999999999999832e-04	-1.410754825218534236e+00	6.148488838438589954e-03
-3.149999999999999589e-04	-6.381850131998136888e-01	2.419787374241588740e-03
-3.139999999999999888e-04	-1.168991442203995312e+00	-1.308914089955412474e-03
-3.129999999999999644e-04	-8.749186448340222633e-01	9.877190302635591168e-03
-3.119999999999999944e-04	-5.925819340181530670e-01	9.877190302635591168e-03
-3.109999999999999700e-04	-9.798727903035793219e-01	6.148488838438589954e-03
-3.099999999999999999e-04	-9.024146190464941153e-01	6.148488838438589954e-03
-3.089999999999999756e-04	-6.391909634758796699e-01	9.877190302635591168e-03
-3.080000000000000055e-04	3.872136348701721853e-01	3.224939908781759845e-02
-3.069999999999999812e-04	4.760725759226726028e-01	3.597810055201459967e-02
-3.060000000000000111e-04	-8.319980997218711094e-01	3.597810055201459967e-02
-3.049999999999999868e-04	-1.296411810505694095e+00	-5.037615554152413688e-03
-3.039999999999999625e-04	-1.354421609758835743e+00	-5.037615554152413688e-03
-3.029999999999999924e-04	-1.382923534247373576e+00	6.148488838438589954e-03
-3.019999999999999681e-04	-1.373534665004090494e+00	-5.037615554152413688e-03
-3.009999999999999980e-04	-1.380241000177864219e+00	-1.249501848254641612e-02
-2.999999999999999737e-04	-1.377893782867043448e+00	-5.037615554152413688e-03
-2.990000000000000036e-04	-5.422844202148509041e-01	2.419787374241588740e-03
-2.979999999999999793e-04	-1.076108700047230693e+00	2.106329469522659481e-02
-2.970000000000000092e-04	-9.154919726353526466e-01	1.360589176683259238e-02
-2.959999999999999849e-04	-5.499967056646906105e-01	9.877190302635591168e-03
-2.949999999999999606e-04	-9.054324698746921696e-01	2.419787374241588740e-03
-2.939999999999999905e-04	-9.392994625022489386e-01	2.106329469522659481e-02
-2.929999999999999662e-04	-6.371790629237475967e-01	1.360589176683259238e-02
-2.919999999999999961e-04	-8.309921494458051283e-01	-1.308914089955412474e-03
-2.909999999999999718e-04	-9.540533998845509567e-01	9.877190302635591168e-03
-2.900000000000000017e-04	-7.156431844568988954e-01	1.733459323102959360e-02
-2.889999999999999774e-04	4.244337950846157614e-01	2.106329469522659481e-02
-2.880000000000000073e-04	4.914971468223519047e-01	3.970680201621160088e-02
-2.869999999999999830e-04	-8.729067442818901901e-01	3.224939908781759845e-02
-2.860000000000000129e-04	-1.307477263542420554e+00	9.877190302635591168e-03
-2.849999999999999886e-04	-1.361127944932609468e+00	2.419787374241588740e-03
-2.839999999999999643e-04	-1.382588217488684990e+00	-1.249501848254641612e-02
-2.829999999999999942e-04	-1.366493013071628182e+00	-8.766317018349414902e-03
-2.819999999999999699e-04	-1.382588217488684990e+00	-8.766317018349414902e-03
-2.809999999999999998e-04	-1.380576316936552805e+00	-8.766317018349414902e-03
-2.799999999999999755e-04	-5.486554386299358210e-01	6.148488838438589954e-03
-2.790000000000000054e-04	-8.205973299264559540e-01	9.877190302635591168e-03
-2.779999999999999811e-04	-1.062360712940994878e+00	1.360589176683259238e-02
-2.770000000000000110e-04	-6.167247406437380564e-01	9.877190302635591168e-03
-2.759999999999999867e-04	-7.096074828005026758e-01	6.148488838438589954e-03
-2.749999999999999624e-04	-1.008039398033428569e+00	6.148488838438589954e-03
-2.739999999999999923e-04	-7.387800408064179036e-01	9.877190302635591168e-03
-2.729999999999999680e-04	-6.646750371362194487e-01	1.360589176683259238e-02
-2.719999999999999979e-04	-9.275633759481451968e-01	1.360589176683259238e-02
-2.709999999999999735e-04	-7.920954054379181208e-01	9.877190302635591168e-03
-2.700000000000000035e-04	-6.579687019624458344e-01	9.877190302635591168e-03
-2.689999999999999791e-04	4.257750621193704954e-01	2.479199615942359602e-02
-2.680000000000000090e-04	5.263700897259747657e-01	3.224939908781759845e-02
-2.669999999999999847e-04	-5.017110924135205208e-01	3.597810055201459967e-02
-2.660000000000000146e-04	-1.232701626354844704e+00	2.419787374241588740e-03
-2.649999999999999903e-04	-1.280651922847326096e+00	-8.766317018349414902e-03
-2.639999999999999660e-04	-1.301106245127335637e+00	-8.766317018349414902e-03
-2.629999999999999959e-04	-1.324913734994231929e+00	-1.308914089955412474e-03
-2.619999999999999716e-04	-1.324913734994231929e+00	-5.037615554152413688e-03
-2.610000000000000015e-04	-1.328266902581118680e+00	-5.037615554152413688e-03
-2.599999999999999772e-04	-4.604671310948127982e-01	2.106329469522659481e-02
-2.590000000000000071e-04	-8.651944588320504836e-01	6.148488838438589954e-03
-2.579999999999999828e-04	-9.996564790662114675e-01	1.360589176683259238e-02
-2.570000000000000127e-04	-5.308836504194357486e-01	1.360589176683259238e-02
-2.559999999999999884e-04	-7.116193833526347490e-01	6.148488838438589954e-03
-2.549999999999999641e-04	-9.429879468478244986e-01	1.360589176683259238e-02
-2.539999999999999940e-04	-6.254429763696437439e-01	9.877190302635591168e-03
-2.529999999999999697e-04	-6.536095840994929906e-01	1.360589176683259238e-02
-2.519999999999999996e-04	-8.923551162858336383e-01	9.877190302635591168e-03
-2.509999999999999753e-04	-7.015598805919742720e-01	1.360589176683259238e-02
-2.500000000000000052e-04	-6.331552618194834503e-01	9.877190302635591168e-03
-2.489999999999999809e-04	4.619892720577480349e-01	1.360589176683259238e-02
-2.480000000000000108e-04	5.763322867705881203e-01	3.970680201621160088e-02
-2.469999999999999865e-04	-5.449669542843603720e-01	3.597810055201459967e-02
-2.459999999999999622e-04	-1.207552869453193622e+00	2.419787374241588740e-03
-2.449999999999999921e-04	-1.296747127264382682e+00	-5.037615554152413688e-03
-2.439999999999999949e-04	-1.316866132785703636e+00	-8.766317018349414902e-03
-2.429999999999999977e-04	-1.314854232233571452e+00	-5.037615554152413688e-03
-2.420000000000000005e-04	-1.328602219339807267e+00	-8.766317018349414902e-03
-2.409999999999999762e-04	-1.325584368511609323e+00	-8.766317018349414902e-03
-2.399999999999999790e-04	-4.876277885485959529e-01	1.360589176683259238e-02
-2.389999999999999818e-04	-8.266330315828522846e-01	2.419787374241588740e-03
-2.379999999999999846e-04	-1.038888539832787172e+00	1.733459323102959360e-02
-2.369999999999999874e-04	-5.898993999486435991e-01	1.733459323102959360e-02
-2.359999999999999902e-04	-7.143019174221442169e-01	6.148488838438589954e-03
-2.349999999999999930e-04	-9.885910260294850094e-01	1.360589176683259238e-02
-2.339999999999999958e-04	-6.807702415532761453e-01	6.148488838438589954e-03
-2.329999999999999986e-04	-6.633337701014646592e-01	1.360589176683259238e-02
-2.320000000000000014e-04	-9.567359339540604246e-01	2.419787374241588740e-03
-2.309999999999999771e-04	-7.850537535054558091e-01	1.733459323102959360e-02
-2.299999999999999799e-04	-6.911650610726252086e-01	9.877190302635591168e-03
-2.289999999999999826e-04	-8.987261347009185553e-01	9.877190302635591168e-03
-2.279999999999999854e-04	-8.319980997218711094e-01	-1.308914089955412474e-03
-2.269999999999999882e-04	-7.270439542523140508e-01	6.148488838438589954e-03
-2.259999999999999910e-04	3.892255354223042585e-01	2.852069762362059724e-02
-2.249999999999999938e-04	4.958562646853047484e-01	3.970680201621160088e-02
-2.239999999999999966e-04	-8.729067442818901901e-01	2.479199615942359602e-02
-2.229999999999999994e-04	-1.285346357468967637e+00	-5.037615554152413688e-03
-2.220000000000000022e-04	-1.353750976241458348e+00	-1.308914089955412474e-03
-2.209999999999999779e-04	-1.388623919145081320e+00	-5.037615554152413688e-03
-2.199999999999999807e-04	-1.371858081210647118e+00	-1.308914089955412474e-03
-2.189999999999999835e-04	-1.388959235903769907e+00	6.148488838438589954e-03
-2.179999999999999863e-04	-1.386276701834260550e+00	-5.037615554152413688e-03
-2.169999999999999891e-04	-5.670978603578132882e-01	9.877190302635591168e-03
-2.159999999999999919e-04	-7.806946356425029654e-01	2.419787374241588740e-03
-2.149999999999999947e-04	-1.094551121775108271e+00	6.148488838438589954e-03
-2.139999999999999975e-04	-6.831174588640968048e-01	6.148488838438589954e-03
-2.130000000000000003e-04	-7.186610352850970607e-01	-5.037615554152413688e-03
-2.120000000000000031e-04	-1.041906390660985338e+00	2.419787374241588740e-03
-2.109999999999999788e-04	-8.014842746812012031e-01	1.360589176683259238e-02
-2.099999999999999816e-04	-7.039070979027950425e-01	2.419787374241588740e-03
-2.089999999999999844e-04	-9.627716356104566442e-01	1.360589176683259238e-02
-2.079999999999999872e-04	-8.544643225540127229e-01	9.877190302635591168e-03
-2.069999999999999900e-04	-7.069249487309932078e-01	1.360589176683259238e-02
-2.059999999999999928e-04	-9.007380352530507395e-01	9.877190302635591168e-03
-2.049999999999999956e-04	-8.977201844248525742e-01	2.419787374241588740e-03
-2.039999999999999984e-04	-7.441451089454367285e-01	6.148488838438589954e-03
-2.030000000000000012e-04	3.644120952793418744e-01	2.479199615942359602e-02
-2.020000000000000040e-04	4.814376440616914832e-01	3.970680201621160088e-02
-2.009999999999999797e-04	-9.094562709789564270e-01	3.970680201621160088e-02
-1.999999999999999825e-04	-1.338326405341779157e+00	-1.308914089955412474e-03
-1.989999999999999853e-04	-1.391977086731968072e+00	-5.037615554152413688e-03
-1.979999999999999881e-04	-1.427855979911656803e+00	-5.037615554152413688e-03
-1.969999999999999909e-04	-1.427185346394279408e+00	-8.766317018349414902e-03
-1.959999999999999937e-04	-1.423161545290015262e+00	-8.766317018349414902e-03
-1.949999999999999965e-04	-1.433221048050675739e+00	2.419787374241588740e-03
-1.939999999999999993e-04	-6.063299211243889930e-01	-1.308914089955412474e-03
-1.930000000000000021e-04	-8.437341862759749622e-01	2.419787374241588740e-03
-1.920000000000000049e-04	-1.152225604269561332e+00	1.733459323102959360e-02
-1.909999999999999806e-04	-7.143019174221442169e-01	1.360589176683259238e-02
-1.899999999999999834e-04	-7.709704496405311858e-01	2.419787374241588740e-03
-1.889999999999999862e-04	-1.081138451427561042e+00	9.877190302635591168e-03
-1.879999999999999890e-04	-8.202620131677672566e-01	2.419787374241588740e-03
-1.869999999999999917e-04	-7.515220776365877375e-01	2.419787374241588740e-03
-1.859999999999999945e-04	-9.909382433403057799e-01	1.733459323102959360e-02
-1.849999999999999973e-04	-9.000674017356733447e-01	9.877190302635591168e-03
-1.840000000000000001e-04	-7.817005859185690575e-01	6.148488838438589954e-03
-1.830000000000000029e-04	3.127733144412850330e-01	2.852069762362059724e-02
-1.819999999999999786e-04	4.012969387350968087e-01	2.852069762362059724e-02
-1.809999999999999814e-04	-7.193316688024743444e-01	2.479199615942359602e-02
-1.799999999999999842e-04	-1.363139845484741430e+00	-8.766317018349414902e-03
-1.789999999999999870e-04	-1.448980935709043738e+00	-1.308914089955412474e-03
-1.779999999999999898e-04	-1.469770574747741865e+00	-8.766317018349414902e-03
-1.769999999999999926e-04	-1.478488810473647774e+00	-5.037615554152413688e-03
-1.759999999999999954e-04	-1.475135642886760801e+00	-5.037615554152413688e-03
-1.749999999999999982e-04	-1.471782475299874049e+00	-5.037615554152413688e-03
-1.740000000000000010e-04	-6.066652378830776904e-01	-1.308914089955412474e-03
-1.730000000000000038e-04	-1.094215805016419463e+00	6.148488838438589954e-03
-1.719999999999999795e-04	-1.087174153083957151e+00	2.419787374241588740e-03
-1.709999999999999823e-04	-6.552861678929363665e-01	6.148488838438589954e-03
-1.699999999999999851e-04	-9.339343943632301137e-01	1.360589176683259238e-02
-1.689999999999999879e-04	-1.089521370394777922e+00	1.360589176683259238e-02
-1.679999999999999907e-04	-7.461570094975688017e-01	1.360589176683259238e-02
-1.669999999999999935e-04	-8.672063593841825568e-01	2.419787374241588740e-03
-1.659999999999999963e-04	-1.062025396182306070e+00	1.360589176683259238e-02
-1.649999999999999991e-04	-8.239504975133428166e-01	9.877190302635591168e-03
-1.640000000000000019e-04	-8.313274662044937147e-01	6.148488838438589954e-03
-1.630000000000000047e-04	2.182139884910770933e-01	1.733459323102959360e-02
-1.619999999999999804e-04	4.069973236328043864e-01	3.597810055201459967e-02
-1.609999999999999832e-04	4.163861928760874132e-01	2.106329469522659481e-02
-1.599999999999999860e-04	-1.301441561886024223e+00	1.360589176683259238e-02
-1.589999999999999888e-04	-1.419473060944439924e+00	-5.037615554152413688e-03
-1.579999999999999916e-04	-1.448310302191666343e+00	2.419787374241588740e-03
-1.569999999999999944e-04	-1.444286501087402197e+00	-1.308914089955412474e-03
-1.559999999999999972e-04	-1.457699171434949426e+00	-8.766317018349414902e-03
-1.550000000000000000e-04	-1.430203197222477574e+00	-8.766317018349414902e-03
-1.540000000000000028e-04	-8.417222857238428890e-01	2.419787374241588740e-03
-1.530000000000000056e-04	-1.244773029667637143e+00	1.733459323102959360e-02
-1.519999999999999813e-04	-7.374387737716631142e-01	1.360589176683259238e-02
-1.509999999999999841e-04	-7.250320537001819776e-01	6.148488838438589954e-03
-1.499999999999999869e-04	-1.109975692674787462e+00	2.419787374241588740e-03
-1.489999999999999897e-04	-8.269683483415408709e-01	6.148488838438589954e-03
-1.479999999999999925e-04	-7.022305141093516667e-01	6.148488838438589954e-03
-1.469999999999999953e-04	-1.002339013135721046e+00	9.877190302635591168e-03
-1.459999999999999981e-04	-8.849781475946827403e-01	1.360589176683259238e-02
-1.450000000000000009e-04	-7.210082525959178312e-01	1.360589176683259238e-02
-1.440000000000000036e-04	-9.154919726353526466e-01	6.148488838438589954e-03
-1.430000000000000064e-04	2.406558521033090939e-02	1.360589176683259238e-02
-1.419999999999999821e-04	4.170568263934648079e-01	3.970680201621160088e-02
-1.409999999999999849e-04	4.650071228859461447e-01	3.970680201621160088e-02
-1.399999999999999877e-04	-1.204535018624995457e+00	1.360589176683259238e-02
-1.389999999999999905e-04	-1.350397808654571596e+00	-8.766317018349414902e-03
-1.379999999999999933e-04	-1.384264801282128365e+00	-5.037615554152413688e-03
-1.369999999999999961e-04	-1.423496862048704070e+00	-5.037615554152413688e-03
-1.359999999999999989e-04	-1.419137744185751115e+00	-5.037615554152413688e-03
-1.350000000000000017e-04	-1.434562315085430528e+00	-5.037615554152413688e-03
-1.340000000000000045e-04	-1.277298755260439123e+00	-8.766317018349414902e-03
-1.330000000000000073e-04	-1.018769534311466218e+00	2.106329469522659481e-02
-1.319999999999999830e-04	-5.798398971879832331e-01	6.148488838438589954e-03
-1.309999999999999858e-04	-9.966386282380134132e-01	6.148488838438589954e-03
-1.299999999999999886e-04	-1.021787385139664384e+00	2.106329469522659481e-02
-1.289999999999999914e-04	-6.522683170647382012e-01	2.419787374241588740e-03
-1.279999999999999942e-04	-8.853134643533713266e-01	6.148488838438589954e-03
-1.269999999999999970e-04	-1.029834987348192676e+00	6.148488838438589954e-03
-1.259999999999999998e-04	-7.397859910824838847e-01	6.148488838438589954e-03
-1.250000000000000026e-04	-8.095318768897294959e-01	1.733459323102959360e-02
-1.240000000000000054e-04	-9.765196227166925702e-01	2.419787374241588740e-03
-1.229999999999999811e-04	-8.112084606831728717e-01	1.360589176683259238e-02
-1.219999999999999974e-04	3.684358963836060763e-01	2.852069762362059724e-02
-1.210000000000000002e-04	4.237631615672384222e-01	3.597810055201459967e-02
-1.199999999999999895e-04	-1.130094698196108416e+00	2.106329469522659481e-02
-1.189999999999999923e-04	-1.392983037008034053e+00	-5.037615554152413688e-03
-1.179999999999999951e-04	-1.419808377703128510e+00	-1.249501848254641612e-02
-1.169999999999999979e-04	-1.442609917293958821e+00	-5.037615554152413688e-03
-1.160000000000000007e-04	-1.435903582120185318e+00	6.148488838438589954e-03
-1.149999999999999899e-04	-1.439256749707072069e+00	-8.766317018349414902e-03
-1.139999999999999927e-04	-1.427520663152968217e+00	-1.308914089955412474e-03
-1.129999999999999955e-04	-7.760002010208614243e-01	1.733459323102959360e-02
-1.119999999999999983e-04	-6.911650610726252086e-01	6.148488838438589954e-03
-1.110000000000000011e-04	-1.149878386958740561e+00	9.877190302635591168e-03
-1.099999999999999904e-04	-8.598293906930316588e-01	6.148488838438589954e-03
-1.089999999999999932e-04	-6.589746522385118155e-01	9.877190302635591168e-03
-1.079999999999999960e-04	-1.018098900794089046e+00	9.877190302635591168e-03
-1.069999999999999988e-04	-9.466764311933999476e-01	1.733459323102959360e-02
-1.060000000000000016e-04	-7.293911715631348214e-01	6.148488838438589954e-03
-1.049999999999999908e-04	-9.557299836779943325e-01	9.877190302635591168e-03
-1.039999999999999936e-04	-9.721605048537397264e-01	9.877190302635591168e-03
-1.029999999999999964e-04	-7.666113317775783420e-01	9.877190302635591168e-03
-1.019999999999999992e-04	3.580410768642569574e-01	2.479199615942359602e-02
-1.010000000000000020e-04	4.130330252892006060e-01	3.597810055201459967e-02
-9.999999999999999124e-05	-9.882557092707964230e-01	2.852069762362059724e-02
-9.899999999999999404e-05	-1.398348105147052989e+00	-1.308914089955412474e-03
-9.799999999999999684e-05	-1.455351954124128655e+00	-1.308914089955412474e-03
-9.699999999999999963e-05	-1.470776525023808068e+00	6.148488838438589954e-03
-9.600000000000000243e-05	-1.476476909921515590e+00	-1.308914089955412474e-03
-9.499999999999999168e-05	-1.482847928336600507e+00	-1.249501848254641612e-02
-9.399999999999999448e-05	-1.488883629992996838e+00	-1.308914089955412474e-03
-9.299999999999999727e-05	-6.743992231381911173e-01	1.733459323102959360e-02
-9.200000000000000007e-05	-9.134800720832205734e-01	-1.308914089955412474e-03
-9.099999999999998932e-05	-1.208223502970571017e+00	1.360589176683259238e-02
-8.999999999999999212e-05	-7.521927111539651323e-01	9.877190302635591168e-03
-8.899999999999999491e-05	-7.984664238530030378e-01	-1.308914089955412474e-03
-8.799999999999999771e-05	-1.145854585854476415e+00	6.148488838438589954e-03
-8.700000000000000051e-05	-8.836368805599279508e-01	9.877190302635591168e-03
-8.599999999999998976e-05	-8.095318768897294959e-01	9.877190302635591168e-03
-8.499999999999999255e-05	-1.084491619014447794e+00	2.419787374241588740e-03
-8.399999999999999535e-05	-9.594184680235697815e-01	1.733459323102959360e-02
-8.299999999999999815e-05	-8.242858142720315140e-01	1.733459323102959360e-02
-8.200000000000000095e-05	2.420214783579734130e-01	1.733459323102959360e-02
-8.099999999999999019e-05	3.603882941750777280e-01	3.597810055201459967e-02
-7.999999999999999299e-05	-5.238419984869734369e-01	3.597810055201459967e-02
-7.899999999999999579e-05	-1.392647720249345467e+00	-5.037615554152413688e-03
-7.799999999999999859e-05	-1.484859828888732691e+00	-8.766317018349414902e-03
-7.700000000000000139e-05	-1.539181143796299001e+00	-1.249501848254641612e-02
-7.599999999999999063e-05	-1.539516460554987587e+00	-5.037615554152413688e-03
-7.499999999999999343e-05	-1.543540261659251733e+00	2.419787374241588740e-03
-7.399999999999999623e-05	-1.547564062763515880e+00	-5.037615554152413688e-03
-7.299999999999999903e-05	-6.891531605204931354e-01	-8.766317018349414902e-03
-7.200000000000000182e-05	-1.134453816059061149e+00	2.419787374241588740e-03
-7.099999999999999107e-05	-1.205540968901061438e+00	6.148488838438589954e-03
-6.999999999999999387e-05	-7.414625748759272605e-01	6.148488838438589954e-03
-6.899999999999999667e-05	-9.822200076144000924e-01	9.877190302635591168e-03
-6.799999999999999946e-05	-1.170332709238750102e+00	9.877190302635591168e-03
-6.700000000000000226e-05	-8.407163354477767969e-01	1.360589176683259238e-02
-6.599999999999999151e-05	-9.168332396701073250e-01	6.148488838438589954e-03
-6.499999999999999431e-05	-1.134453816059061149e+00	6.148488838438589954e-03
-6.399999999999999710e-05	-9.168332396701073250e-01	1.360589176683259238e-02
-6.299999999999999990e-05	-8.658650923494278784e-01	6.148488838438589954e-03
-6.200000000000000270e-05	-1.050959943145579611e+00	6.148488838438589954e-03
-6.099999999999999872e-05	-9.684720205081641664e-01	9.877190302635591168e-03
-5.999999999999999474e-05	-8.910138492510789598e-01	6.148488838438589954e-03
-5.899999999999999754e-05	2.175433549736997263e-01	2.106329469522659481e-02
-5.800000000000000034e-05	3.221621836845681153e-01	3.970680201621160088e-02
-5.699999999999999636e-05	-8.088612433723521011e-01	3.597810055201459967e-02
-5.599999999999999916e-05	-1.434897631844119115e+00	-1.308914089955412474e-03
-5.499999999999999518e-05	-1.503637567375298634e+00	-1.249501848254641612e-02
-5.399999999999999798e-05	-1.531468858346459294e+00	-8.766317018349414902e-03
-5.300000000000000078e-05	-1.533480758898591256e+00	2.419787374241588740e-03
-5.199999999999999680e-05	-1.546558112487449899e+00	-5.037615554152413688e-03
-5.099999999999999960e-05	-1.532474808622525275e+00	-5.037615554152413688e-03
-4.999999999999999562e-05	-7.659406982602010583e-01	1.360589176683259238e-02
-4.899999999999999842e-05	-8.792777626969751070e-01	-5.037615554152413688e-03
-4.800000000000000122e-05	-1.241084545322061583e+00	1.360589176683259238e-02
-4.699999999999999724e-05	-8.390397516543334211e-01	9.877190302635591168e-03
-4.600000000000000004e-05	-8.085259266136635148e-01	2.419787374241588740e-03
-4.499999999999999606e-05	-1.163961690823665185e+00	1.733459323102959360e-02
-4.399999999999999886e-05	-9.664601199560320932e-01	1.360589176683259238e-02
-4.299999999999999488e-05	-8.088612433723521011e-01	9.877190302635591168e-03
-4.199999999999999768e-05	-1.075773383288542107e+00	-1.308914089955412474e-03
-4.100000000000000047e-05	-9.999917958249002758e-01	1.360589176683259238e-02
-3.999999999999999650e-05	-8.336746835153144852e-01	9.877190302635591168e-03
-3.899999999999999929e-05	-1.009380665068183358e+00	6.148488838438589954e-03
-3.799999999999999532e-05	-1.027487770037372128e+00	6.148488838438589954e-03
-3.699999999999999811e-05	-8.645238253146731999e-01	9.877190302635591168e-03
-3.600000000000000091e-05	-9.610950518170132684e-01	1.360589176683259238e-02
-3.499999999999999693e-05	-1.010386615344249339e+00	2.419787374241588740e-03
-3.399999999999999973e-05	-8.970495509074751794e-01	6.148488838438589954e-03
-3.299999999999999575e-05	3.188090160976813081e-01	2.479199615942359602e-02
-3.199999999999999855e-05	3.624001947272098012e-01	3.597810055201459967e-02
-3.100000000000000135e-05	-1.229348458767957952e+00	2.479199615942359602e-02
-2.999999999999999737e-05	-1.448645618950355152e+00	9.877190302635591168e-03
-2.900000000000000017e-05	-1.497266548960213717e+00	-1.308914089955412474e-03
-2.799999999999999958e-05	-1.512691119859893130e+00	-8.766317018349414902e-03
-2.699999999999999899e-05	-1.510679219307760945e+00	-5.037615554152413688e-03
-2.599999999999999840e-05	-1.520738722068421422e+00	-5.037615554152413688e-03
-2.499999999999999781e-05	-1.108969742398721481e+00	6.148488838438589954e-03
-2.400000000000000061e-05	-1.260532917326005142e+00	1.733459323102959360e-02
-2.300000000000000002e-05	-6.992126632811535014e-01	2.419787374241588740e-03
-2.199999999999999943e-05	-8.863194146294374187e-01	1.360589176683259238e-02
-2.099999999999999884e-05	-1.179721578482033184e+00	1.360589176683259238e-02
-1.999999999999999825e-05	-7.988017406116917352e-01	1.733459323102959360e-02
-1.899999999999999766e-05	-8.179147958569464860e-01	9.877190302635591168e-03
-1.800000000000000046e-05	-1.112322909985608232e+00	1.733459323102959360e-02
-1.699999999999999987e-05	-8.866547313881261161e-01	1.360589176683259238e-02
-1.599999999999999928e-05	-7.847184367467671118e-01	6.148488838438589954e-03
-1.499999999999999869e-05	-1.006698130998673779e+00	9.877190302635591168e-03
-1.399999999999999979e-05	-9.309165435350319484e-01	9.877190302635591168e-03
-1.299999999999999920e-05	-8.122144109592389638e-01	2.419787374241588740e-03
-1.200000000000000030e-05	-9.641129026452113226e-01	6.148488838438589954e-03
-1.099999999999999971e-05	-9.597537847822584789e-01	1.360589176683259238e-02
-9.999999999999999124e-06	-8.397103851717108158e-01	1.733459323102959360e-02
-9.000000000000000228e-06	-9.131447553245318760e-01	6.148488838438589954e-03
-7.999999999999999638e-06	1.856882628982750305e-01	9.877190302635591168e-03
-6.999999999999999895e-06	4.033088392872288819e-01	3.970680201621160088e-02
-6.000000000000000152e-06	4.086739074262477622e-01	2.852069762362059724e-02
-4.999999999999999562e-06	-1.329608169615873470e+00	6.148488838438589954e-03
-3.999999999999999819e-06	-1.419137744185751115e+00	-1.308914089955412474e-03
-3.000000000000000076e-06	-1.455016637365440069e+00	-1.249501848254641612e-02
-1.999999999999999909e-06	-1.444957134604779592e+00	-5.037615554152413688e-03
-9.999999999999999547e-07	-1.432215097774609758e+00	2.419787374241588740e-03
0.000000000000000000e+00	-1.458705121711015407e+00	-5.037615554152413688e-03
9.999999999999999547e-07	-5.798398971879832331e-01	9.877190302635591168e-03
1.999999999999999909e-06	-9.835612746491548819e-01	2.419787374241588740e-03
3.000000000000000076e-06	-1.167650175169240523e+00	1.733459323102959360e-02
3.999999999999999819e-06	-6.747345398968798147e-01	9.877190302635591168e-03
4.999999999999999562e-06	-8.521171052431919524e-01	9.877190302635591168e-03
6.000000000000000152e-06	-1.110981642950853443e+00	9.877190302635591168e-03
6.999999999999999895e-06	-7.625875306733141956e-01	9.877190302635591168e-03
7.999999999999999638e-06	-7.991370573703804325e-01	6.148488838438589954e-03
9.000000000000000228e-06	-1.053307160456400382e+00	9.877190302635591168e-03
9.999999999999999124e-06	-8.648591420733618973e-01	1.733459323102959360e-02
1.099999999999999971e-05	-8.038314919920219737e-01	1.360589176683259238e-02
1.200000000000000030e-05	-9.869144422360416335e-01	9.877190302635591168e-03
1.299999999999999920e-05	-9.225336245678149583e-01	1.360589176683259238e-02
1.399999999999999979e-05	-7.853890702641445065e-01	1.360589176683259238e-02
1.499999999999999869e-05	-9.312518602937206458e-01	1.733459323102959360e-02
1.599999999999999928e-05	-9.627716356104566442e-01	1.733459323102959360e-02
1.699999999999999987e-05	-8.417222857238428890e-01	2.419787374241588740e-03
1.800000000000000046e-05	-9.268927424307678020e-01	1.360589176683259238e-02
1.899999999999999766e-05	-9.735017718884944049e-01	6.148488838438589954e-03
1.999999999999999825e-05	-8.715654772471355116e-01	1.360589176683259238e-02
2.099999999999999884e-05	3.094201468543982259e-01	2.479199615942359602e-02
2.199999999999999943e-05	3.731303310052476174e-01	3.597810055201459967e-02
2.300000000000000002e-05	-1.198164000209910540e+00	2.106329469522659481e-02
2.400000000000000061e-05	-1.445627768122156986e+00	-5.037615554152413688e-03
2.499999999999999781e-05	-1.477818176956270380e+00	-8.766317018349414902e-03
2.599999999999999840e-05	-1.499613766271034487e+00	-5.037615554152413688e-03
2.699999999999999899e-05	-1.506655418203496799e+00	2.419787374241588740e-03
2.799999999999999958e-05	-1.501625666823166672e+00	-1.308914089955412474e-03
2.900000000000000017e-05	-1.124729630057089480e+00	6.148488838438589954e-03
2.999999999999999737e-05	-1.242090495598127786e+00	1.360589176683259238e-02
3.100000000000000135e-05	-6.925063281073798871e-01	9.877190302635591168e-03
3.199999999999999855e-05	-9.235395748438809393e-01	6.148488838438589954e-03
3.299999999999999575e-05	-1.195481466140401183e+00	1.733459323102959360e-02
3.399999999999999973e-05	-8.229445472372767245e-01	1.733459323102959360e-02
3.499999999999999693e-05	-8.413869689651541917e-01	6.148488838438589954e-03
3.600000000000000091e-05	-1.138477617163325295e+00	6.148488838438589954e-03
3.699999999999999811e-05	-9.248808418786357288e-01	1.360589176683259238e-02
3.799999999999999532e-05	-8.226092304785880271e-01	9.877190302635591168e-03
3.899999999999999929e-05	-1.077114650323296674e+00	2.419787374241588740e-03
3.999999999999999650e-05	-9.594184680235697815e-01	9.877190302635591168e-03
4.100000000000000047e-05	-8.259623980654748898e-01	6.148488838438589954e-03
4.199999999999999768e-05	-1.016422317000645448e+00	6.148488838438589954e-03
4.299999999999999488e-05	-9.952973612032586237e-01	6.148488838438589954e-03
4.399999999999999886e-05	-8.564762231061447961e-01	2.419787374241588740e-03
4.499999999999999606e-05	-9.745077221645604970e-01	1.733459323102959360e-02
4.600000000000000004e-05	-1.007033447757362588e+00	9.877190302635591168e-03
4.699999999999999724e-05	-9.121388050484657839e-01	6.148488838438589954e-03
4.800000000000000122e-05	-9.500295987802868103e-01	1.360589176683259238e-02
4.899999999999999842e-05	1.558450713749824634e-01	2.106329469522659481e-02
4.999999999999999562e-05	3.104260971304643180e-01	2.479199615942359602e-02
5.099999999999999960e-05	3.523406919665493797e-01	4.343550348040860209e-02
5.199999999999999680e-05	-1.396671521353609613e+00	-5.037615554152413688e-03
5.300000000000000078e-05	-1.502296300340544066e+00	2.419787374241588740e-03
5.399999999999999798e-05	-1.509002635514317570e+00	-8.766317018349414902e-03
5.499999999999999518e-05	-1.540187094072364982e+00	-5.037615554152413688e-03
5.599999999999999916e-05	-1.539181143796299001e+00	-1.308914089955412474e-03
5.699999999999999636e-05	-1.542198994624496944e+00	-8.766317018349414902e-03
5.800000000000000034e-05	-6.767464404490118879e-01	-1.308914089955412474e-03
5.899999999999999754e-05	-1.142166101508900855e+00	1.360589176683259238e-02
5.999999999999999474e-05	-1.200511217520731311e+00	1.360589176683259238e-02
6.099999999999999872e-05	-7.086015325244365837e-01	9.877190302635591168e-03
6.200000000000000270e-05	-9.634422691278340389e-01	9.877190302635591168e-03
6.299999999999999990e-05	-1.197828683451221954e+00	9.877190302635591168e-03
6.399999999999999710e-05	-8.420576024825315864e-01	2.419787374241588740e-03
6.499999999999999431e-05	-9.376228787088055627e-01	-1.308914089955412474e-03
6.599999999999999151e-05	-1.166308908134485955e+00	1.360589176683259238e-02
6.700000000000000226e-05	-9.161626061527300413e-01	1.360589176683259238e-02
6.799999999999999946e-05	-9.050971531160035832e-01	9.877190302635591168e-03
6.899999999999999667e-05	-1.106287208329211902e+00	9.877190302635591168e-03
6.999999999999999387e-05	-9.785315232688246434e-01	1.360589176683259238e-02
7.099999999999999107e-05	-9.275633759481451968e-01	9.877190302635591168e-03
7.200000000000000182e-05	-1.060013495630174107e+00	6.148488838438589954e-03
7.299999999999999903e-05	-1.022122701898353192e+00	1.360589176683259238e-02
7.399999999999999623e-05	-9.342697111219188111e-01	2.419787374241588740e-03
7.499999999999999343e-05	-9.916088768576831747e-01	2.419787374241588740e-03
7.599999999999999063e-05	-1.024805235967862549e+00	1.360589176683259238e-02
7.700000000000000139e-05	-9.574065674714377083e-01	2.419787374241588740e-03
7.799999999999999859e-05	2.172080382150110289e-01	2.479199615942359602e-02
7.899999999999999579e-05	2.852773402288132365e-01	3.970680201621160088e-02
7.999999999999999299e-05	-1.107628475363966691e+00	1.360589176683259238e-02
8.099999999999999019e-05	-1.501290350064477863e+00	2.419787374241588740e-03
8.200000000000000095e-05	-1.557288248765487548e+00	-1.308914089955412474e-03
8.299999999999999815e-05	-1.565335850974016063e+00	2.419787374241588740e-03
8.399999999999999535e-05	-1.570365602354346191e+00	-1.249501848254641612e-02
8.499999999999999255e-05	-1.567683068284836834e+00	-1.308914089955412474e-03
8.599999999999998976e-05	-1.548570013039581861e+00	2.419787374241588740e-03
8.700000000000000051e-05	-9.232042580851923530e-01	2.479199615942359602e-02
8.799999999999999771e-05	-7.558811954995405813e-01	1.360589176683259238e-02
8.899999999999999491e-05	-1.266568618982401473e+00	6.148488838438589954e-03
8.999999999999999212e-05	-1.007704081274739760e+00	-1.308914089955412474e-03
9.099999999999998932e-05	-7.371034570129744168e-01	2.419787374241588740e-03
9.200000000000000007e-05	-1.123388363022334691e+00	6.148488838438589954e-03
9.299999999999999727e-05	-1.053307160456400382e+00	1.733459323102959360e-02
9.399999999999999448e-05	-7.994723741290691299e-01	2.419787374241588740e-03
9.499999999999999168e-05	-1.034194105211145631e+00	9.877190302635591168e-03
9.600000000000000243e-05	-1.061354762664928675e+00	1.733459323102959360e-02
9.699999999999999963e-05	-8.521171052431919524e-01	1.360589176683259238e-02
9.799999999999999684e-05	-9.537180831258622593e-01	6.148488838438589954e-03
9.899999999999999404e-05	-1.048277409076070255e+00	1.360589176683259238e-02
9.999999999999999124e-05	-8.853134643533713266e-01	6.148488838438589954e-03
1.010000000000000020e-04	-8.973848676661638768e-01	1.360589176683259238e-02
1.019999999999999992e-04	-1.014075099689824899e+00	9.877190302635591168e-03
1.029999999999999964e-04	-9.128094385658431786e-01	2.419787374241588740e-03
1.039999999999999936e-04	-8.893372654576355840e-01	9.877190302635591168e-03
1.049999999999999908e-04	1.789819277245014162e-01	3.224939908781759845e-02
1.060000000000000016e-04	3.540172757599928111e-01	3.597810055201459967e-02
1.069999999999999988e-04	3.647474120380305718e-01	2.852069762362059724e-02
1.079999999999999960e-04	-1.353080342724080953e+00	-1.308914089955412474e-03
1.089999999999999932e-04	-1.457699171434949426e+00	-1.622371994674341733e-02
1.099999999999999904e-04	-1.501290350064477863e+00	-8.766317018349414902e-03
1.110000000000000011e-04	-1.505649467927430818e+00	2.419787374241588740e-03
1.119999999999999983e-04	-1.510008585790383773e+00	-1.308914089955412474e-03
1.129999999999999955e-04	-1.517720871240223257e+00	-1.308914089955412474e-03
1.139999999999999927e-04	-6.093477719525870473e-01	2.419787374241588740e-03
1.149999999999999899e-04	-1.081809084944938215e+00	-5.037615554152413688e-03
1.160000000000000007e-04	-1.163291057306287790e+00	9.877190302635591168e-03
1.169999999999999979e-04	-6.800996080358987506e-01	2.419787374241588740e-03
1.179999999999999951e-04	-9.570712507127490110e-01	1.360589176683259238e-02
1.189999999999999923e-04	-1.145854585854476415e+00	6.148488838438589954e-03
1.199999999999999895e-04	-8.051727590267766521e-01	9.877190302635591168e-03
1.210000000000000002e-04	-8.812896632491071802e-01	1.360589176683259238e-02
1.219999999999999974e-04	-1.097568972603306214e+00	1.733459323102959360e-02
1.229999999999999811e-04	-8.913491660097676572e-01	9.877190302635591168e-03
1.240000000000000054e-04	-8.407163354477767969e-01	6.148488838438589954e-03
1.250000000000000026e-04	-1.045930191765249484e+00	9.877190302635591168e-03
1.259999999999999998e-04	-9.714898713363623317e-01	6.148488838438589954e-03
1.269999999999999970e-04	-8.749186448340222633e-01	9.877190302635591168e-03
1.279999999999999942e-04	-1.027487770037372128e+00	6.148488838438589954e-03
1.289999999999999914e-04	-1.154261864041603025e-01	2.106329469522659481e-02
1.299999999999999886e-04	3.074082463022661527e-01	3.597810055201459967e-02
1.309999999999999858e-04	3.275272518235869956e-01	3.224939908781759845e-02
1.319999999999999830e-04	-1.348385908102439634e+00	1.733459323102959360e-02
1.330000000000000073e-04	-1.491566164062506195e+00	-8.766317018349414902e-03
1.340000000000000045e-04	-1.538175193520232797e+00	-5.037615554152413688e-03
1.350000000000000017e-04	-1.531133541587770486e+00	-1.308914089955412474e-03
1.359999999999999989e-04	-1.544210895176629128e+00	-5.037615554152413688e-03
1.369999999999999961e-04	-1.519397455033666633e+00	-8.766317018349414902e-03
1.379999999999999933e-04	-9.510355490563527914e-01	-5.037615554152413688e-03
1.389999999999999905e-04	-1.350062491895883010e+00	1.733459323102959360e-02
1.399999999999999877e-04	-8.470873538628617139e-01	6.148488838438589954e-03
1.409999999999999849e-04	-8.366925343435126505e-01	6.148488838438589954e-03
1.419999999999999821e-04	-1.223312757111561622e+00	1.360589176683259238e-02
1.430000000000000064e-04	-9.376228787088055627e-01	9.877190302635591168e-03
1.440000000000000036e-04	-8.048374422680879547e-01	6.148488838438589954e-03
1.450000000000000009e-04	-1.124394313298400672e+00	2.419787374241588740e-03
1.459999999999999981e-04	-1.008374714792117155e+00	6.148488838438589954e-03
1.469999999999999953e-04	-8.299861991697390362e-01	9.877190302635591168e-03
1.479999999999999925e-04	-1.043582974454428713e+00	1.360589176683259238e-02
1.489999999999999897e-04	-1.035870689004589007e+00	9.877190302635591168e-03
1.499999999999999869e-04	-8.688829431776260437e-01	1.360589176683259238e-02
1.509999999999999841e-04	-9.906029265816170826e-01	6.148488838438589954e-03
1.519999999999999813e-04	-1.056660328043287356e+00	6.148488838438589954e-03
1.530000000000000056e-04	-9.235395748438809393e-01	1.360589176683259238e-02
1.540000000000000028e-04	2.762237877442188516e-01	2.852069762362059724e-02
1.550000000000000000e-04	3.395986551363795458e-01	3.597810055201459967e-02
1.559999999999999972e-04	-1.179050944964655789e+00	2.106329469522659481e-02
1.569999999999999944e-04	-1.485530462406109864e+00	-5.037615554152413688e-03
1.579999999999999916e-04	-1.540522410831053568e+00	2.419787374241588740e-03
1.589999999999999888e-04	-1.562318000145817898e+00	-5.037615554152413688e-03
1.599999999999999860e-04	-1.571706869389100980e+00	-8.766317018349414902e-03
1.609999999999999832e-04	-1.569694968836968796e+00	-1.308914089955412474e-03
1.619999999999999804e-04	-1.483853878612666488e+00	-1.249501848254641612e-02
1.630000000000000047e-04	-1.054983744249843758e+00	2.419787374241588740e-03
1.640000000000000019e-04	-7.250320537001819776e-01	2.419787374241588740e-03
1.649999999999999991e-04	-1.208894136487948412e+00	2.419787374241588740e-03
1.659999999999999963e-04	-1.122717729504957296e+00	9.877190302635591168e-03
1.669999999999999935e-04	-8.011489579225125057e-01	1.360589176683259238e-02
1.679999999999999907e-04	-1.086168202807891170e+00	-1.308914089955412474e-03
1.689999999999999879e-04	-1.138477617163325295e+00	6.148488838438589954e-03
1.699999999999999851e-04	-8.765952286274656391e-01	6.148488838438589954e-03
1.709999999999999823e-04	-1.031846887900324861e+00	1.360589176683259238e-02
1.719999999999999795e-04	-1.171003342756127497e+00	1.360589176683259238e-02
1.730000000000000038e-04	-9.691426540255415611e-01	6.148488838438589954e-03
1.740000000000000010e-04	-1.011727882379004129e+00	9.877190302635591168e-03
1.749999999999999982e-04	-1.154908138339070689e+00	6.148488838438589954e-03
1.759999999999999954e-04	-1.025140552726551357e+00	2.419787374241588740e-03
1.769999999999999926e-04	-9.845672249252208630e-01	1.360589176683259238e-02
1.779999999999999898e-04	-1.123053046263646104e+00	2.419787374241588740e-03
1.789999999999999870e-04	-5.050642600004073834e-01	1.360589176683259238e-02
1.799999999999999842e-04	1.880354802090958011e-01	3.224939908781759845e-02
1.809999999999999814e-04	2.225731063540299370e-01	4.343550348040860209e-02
1.819999999999999786e-04	-1.400695322457873759e+00	6.148488838438589954e-03
1.830000000000000029e-04	-1.591825874910421712e+00	6.148488838438589954e-03
1.840000000000000001e-04	-1.629716668642242627e+00	-5.037615554152413688e-03
1.849999999999999973e-04	-1.644135289265856059e+00	2.419787374241588740e-03
1.859999999999999945e-04	-1.632734519470440793e+00	-1.249501848254641612e-02
1.869999999999999917e-04	-1.644470606024544646e+00	-5.037615554152413688e-03
1.879999999999999890e-04	-1.259862283808627748e+00	-1.308914089955412474e-03
1.889999999999999862e-04	-1.408072291149024657e+00	9.877190302635591168e-03
1.899999999999999834e-04	-8.330040499979372015e-01	-1.308914089955412474e-03
1.909999999999999806e-04	-1.035200055487211612e+00	9.877190302635591168e-03
1.920000000000000049e-04	-1.334302604237515011e+00	6.148488838438589954e-03
1.930000000000000021e-04	-9.537180831258622593e-01	6.148488838438589954e-03
1.939999999999999993e-04	-9.587478345061924978e-01	6.148488838438589954e-03
1.949999999999999965e-04	-1.253155948634854244e+00	6.148488838438589954e-03
1.959999999999999937e-04	-1.022122701898353192e+00	6.148488838438589954e-03
1.969999999999999909e-04	-9.315871770524093431e-01	6.148488838438589954e-03
1.979999999999999881e-04	-1.165973591375797147e+00	1.360589176683259238e-02
1.989999999999999853e-04	-1.066719830803947611e+00	9.877190302635591168e-03
1.999999999999999825e-04	-9.181745067048621145e-01	1.360589176683259238e-02
2.009999999999999797e-04	-1.090527320670843903e+00	1.360589176683259238e-02
2.020000000000000040e-04	-1.101592773707570583e+00	1.360589176683259238e-02
2.030000000000000012e-04	-9.674660702320981853e-01	6.148488838438589954e-03
2.039999999999999984e-04	1.823350953113882233e-01	2.479199615942359602e-02
2.049999999999999956e-04	2.648230179488036962e-01	3.597810055201459967e-02
2.059999999999999928e-04	-1.149543070200051753e+00	3.224939908781759845e-02
2.069999999999999900e-04	-1.536498609726789422e+00	-5.037615554152413688e-03
2.079999999999999872e-04	-1.594843725738619877e+00	-1.308914089955412474e-03
2.089999999999999844e-04	-1.601885377671082189e+00	-8.766317018349414902e-03
2.099999999999999816e-04	-1.599202843601572832e+00	-1.308914089955412474e-03
2.109999999999999788e-04	-1.597526259808129456e+00	-5.037615554152413688e-03
2.120000000000000031e-04	-1.572042186147789566e+00	-1.308914089955412474e-03
2.130000000000000003e-04	-9.416466798130697091e-01	9.877190302635591168e-03
2.139999999999999975e-04	-8.182501126156351834e-01	6.148488838438589954e-03
2.149999999999999947e-04	-1.297417760781760077e+00	9.877190302635591168e-03
2.159999999999999919e-04	-1.012398515896381301e+00	2.419787374241588740e-03
2.169999999999999891e-04	-7.823712194359463412e-01	9.877190302635591168e-03
2.179999999999999863e-04	-1.167985491927929331e+00	1.360589176683259238e-02
2.189999999999999835e-04	-1.085162252531825189e+00	9.877190302635591168e-03
2.199999999999999807e-04	-8.363572175848239532e-01	9.877190302635591168e-03
2.209999999999999779e-04	-1.080467817910183648e+00	6.148488838438589954e-03
2.220000000000000022e-04	-1.119364561918070544e+00	9.877190302635591168e-03
2.229999999999999994e-04	-8.940317000792771251e-01	6.148488838438589954e-03
2.239999999999999966e-04	-1.017763584035400237e+00	-1.308914089955412474e-03
2.249999999999999938e-04	-1.102598723983636564e+00	6.148488838438589954e-03
2.259999999999999910e-04	-9.429879468478244986e-01	2.419787374241588740e-03
2.269999999999999882e-04	-9.932854606511265505e-01	9.877190302635591168e-03
2.279999999999999854e-04	-1.086503519566579756e+00	9.877190302635591168e-03
2.289999999999999826e-04	-9.993211623075228811e-01	1.360589176683259238e-02
2.299999999999999799e-04	2.349798264255111291e-01	2.106329469522659481e-02
2.309999999999999771e-04	3.087495133370208866e-01	2.852069762362059724e-02
2.320000000000000014e-04	-1.280987239606014683e+00	2.106329469522659481e-02
2.329999999999999986e-04	-1.524762523172685569e+00	6.148488838438589954e-03
2.339999999999999958e-04	-1.575395353734676318e+00	-1.622371994674341733e-02
2.349999999999999930e-04	-1.601550060912393603e+00	-5.037615554152413688e-03
2.359999999999999902e-04	-1.594508408979931291e+00	-1.308914089955412474e-03
2.369999999999999874e-04	-1.595514359255997272e+00	-1.308914089955412474e-03
2.379999999999999846e-04	-1.432215097774609758e+00	-8.766317018349414902e-03
2.389999999999999818e-04	-1.174021193584325440e+00	9.877190302635591168e-03
2.399999999999999790e-04	-7.206729358372291339e-01	9.877190302635591168e-03
2.409999999999999762e-04	-1.155578771856448084e+00	-5.037615554152413688e-03
2.420000000000000005e-04	-1.195816782899089770e+00	6.148488838438589954e-03
2.429999999999999977e-04	-8.014842746812012031e-01	1.733459323102959360e-02
2.439999999999999949e-04	-1.018434217552777632e+00	2.419787374241588740e-03
2.449999999999999921e-04	-1.178380311447278395e+00	9.877190302635591168e-03
2.459999999999999622e-04	-8.732420610405788874e-01	1.360589176683259238e-02
2.469999999999999865e-04	-9.527121328497961672e-01	2.419787374241588740e-03
2.480000000000000108e-04	-1.143507368543655645e+00	2.419787374241588740e-03
2.489999999999999809e-04	-9.225336245678149583e-01	9.877190302635591168e-03
2.500000000000000052e-04	-9.087856374615790322e-01	6.148488838438589954e-03
2.509999999999999753e-04	-1.092874537981664673e+00	9.877190302635591168e-03
2.519999999999999996e-04	-9.855731752012869551e-01	9.877190302635591168e-03
2.529999999999999697e-04	-9.248808418786357288e-01	1.733459323102959360e-02
2.539999999999999940e-04	-1.052636526939022987e+00	6.148488838438589954e-03
2.549999999999999641e-04	-1.021116751622286989e+00	6.148488838438589954e-03
2.559999999999999884e-04	-9.416466798130697091e-01	6.148488838438589954e-03
2.570000000000000127e-04	1.987656164871335895e-01	3.224939908781759845e-02
2.579999999999999828e-04	3.043903954740680429e-01	3.224939908781759845e-02
2.590000000000000071e-04	-9.436585803652017823e-01	2.852069762362059724e-02
2.599999999999999772e-04	-1.461052339021836177e+00	-5.037615554152413688e-03
2.610000000000000015e-04	-1.540522410831053568e+00	2.419787374241588740e-03
2.619999999999999716e-04	-1.538845827037610192e+00	-1.308914089955412474e-03
2.629999999999999959e-04	-1.558964832558931146e+00	-1.249501848254641612e-02
2.639999999999999660e-04	-1.574054086699921751e+00	-1.308914089955412474e-03
2.649999999999999903e-04	-1.564665217456638668e+00	6.148488838438589954e-03
2.660000000000000146e-04	-7.629228474320028930e-01	6.148488838438589954e-03
2.669999999999999847e-04	-9.564006171953717272e-01	2.419787374241588740e-03
2.680000000000000090e-04	-1.308818530577175121e+00	6.148488838438589954e-03
2.689999999999999791e-04	-8.749186448340222633e-01	1.360589176683259238e-02
2.700000000000000035e-04	-8.809543464904184829e-01	1.360589176683259238e-02
2.709999999999999735e-04	-1.238066694493863640e+00	1.360589176683259238e-02
2.719999999999999979e-04	-9.862438087186642388e-01	1.360589176683259238e-02
2.729999999999999680e-04	-8.719007940058240980e-01	2.419787374241588740e-03
2.739999999999999923e-04	-1.175027143860391643e+00	2.419787374241588740e-03
2.749999999999999624e-04	-1.069737681632145776e+00	9.877190302635591168e-03
2.759999999999999867e-04	-8.953729671140318036e-01	1.360589176683259238e-02
2.770000000000000110e-04	-1.105951891570523316e+00	9.877190302635591168e-03
2.779999999999999811e-04	-1.083820985497070399e+00	6.148488838438589954e-03
2.790000000000000054e-04	-9.681367037494754690e-01	6.148488838438589954e-03
2.799999999999999755e-04	-1.073426165977721336e+00	-1.308914089955412474e-03
2.809999999999999998e-04	-1.129424064678731021e+00	-1.308914089955412474e-03
2.819999999999999699e-04	-1.029164353830815504e+00	9.877190302635591168e-03
2.829999999999999942e-04	1.588629222031805732e-01	3.224939908781759845e-02
2.839999999999999643e-04	2.128489203520581852e-01	3.597810055201459967e-02
2.849999999999999886e-04	-1.203529068348929476e+00	2.106329469522659481e-02
2.860000000000000129e-04	-1.579083838080251878e+00	-8.766317018349414902e-03
2.869999999999999830e-04	-1.636758320574704939e+00	2.419787374241588740e-03
2.880000000000000073e-04	-1.655871375819959912e+00	-5.037615554152413688e-03
2.889999999999999774e-04	-1.677331648376035433e+00	-5.037615554152413688e-03
2.900000000000000017e-04	-1.675319747823903249e+00	-1.249501848254641612e-02
2.909999999999999718e-04	-1.634411103263884169e+00	-5.037615554152413688e-03
2.919999999999999961e-04	-1.097568972603306214e+00	1.360589176683259238e-02
2.929999999999999662e-04	-8.501052046910598792e-01	9.877190302635591168e-03
2.939999999999999905e-04	-1.352074392448014972e+00	9.877190302635591168e-03
2.949999999999999606e-04	-1.189445764484004853e+00	9.877190302635591168e-03
2.959999999999999849e-04	-9.030852525638713990e-01	2.419787374241588740e-03
2.970000000000000092e-04	-1.269586469810599638e+00	-1.308914089955412474e-03
2.979999999999999793e-04	-1.246784930219769327e+00	2.419787374241588740e-03
2.990000000000000036e-04	-9.520414993324188835e-01	2.419787374241588740e-03
2.999999999999999737e-04	-1.165973591375797147e+00	1.360589176683259238e-02
3.009999999999999980e-04	-1.245778979943703124e+00	9.877190302635591168e-03
3.019999999999999681e-04	-1.019775484587532421e+00	1.360589176683259238e-02
3.029999999999999924e-04	-1.122717729504957296e+00	2.419787374241588740e-03
3.039999999999999625e-04	-1.224318707387627603e+00	6.148488838438589954e-03
3.049999999999999868e-04	-1.086168202807891170e+00	6.148488838438589954e-03
3.060000000000000111e-04	-1.090862637429532711e+00	9.877190302635591168e-03
3.069999999999999812e-04	-4.101022519518277530e-03	1.733459323102959360e-02
3.080000000000000055e-04	1.524919037880956563e-01	3.224939908781759845e-02
3.089999999999999756e-04	1.635573568248221143e-01	3.597810055201459967e-02
3.099999999999999999e-04	-1.564665217456638668e+00	2.419787374241588740e-03
3.109999999999999700e-04	-1.648494407128808792e+00	-5.037615554152413688e-03
3.119999999999999944e-04	-1.662242394235044829e+00	-5.037615554152413688e-03
3.129999999999999644e-04	-1.696444703621290184e+00	-5.037615554152413688e-03
3.139999999999999888e-04	-1.698121287414733560e+00	-1.249501848254641612e-02
3.149999999999999589e-04	-1.693091536034403433e+00	-1.308914089955412474e-03
3.159999999999999832e-04	-8.370278511022013479e-01	9.877190302635591168e-03
3.170000000000000075e-04	-1.299764978092580847e+00	-1.308914089955412474e-03
3.179999999999999776e-04	-1.366493013071628182e+00	9.877190302635591168e-03
3.190000000000000019e-04	-9.007380352530507395e-01	2.419787374241588740e-03
3.199999999999999720e-04	-1.137471666887259314e+00	6.148488838438589954e-03
3.209999999999999963e-04	-1.343691473480798093e+00	6.148488838438589954e-03
3.219999999999999664e-04	-1.000662429342277449e+00	9.877190302635591168e-03
3.229999999999999907e-04	-1.075102749771164712e+00	1.360589176683259238e-02
3.239999999999999608e-04	-1.314183598716194057e+00	9.877190302635591168e-03
3.249999999999999851e-04	-1.066049197286570216e+00	1.360589176683259238e-02
3.260000000000000094e-04	-1.044253607971806108e+00	9.877190302635591168e-03
3.269999999999999795e-04	-1.264221401671580702e+00	2.419787374241588740e-03
3.280000000000000038e-04	-1.147531169647919791e+00	9.877190302635591168e-03
3.289999999999999739e-04	-1.081809084944938215e+00	9.877190302635591168e-03
3.299999999999999982e-04	-1.230019092285335125e+00	2.419787374241588740e-03
3.309999999999999683e-04	-2.321164184278212139e-01	6.148488838438589954e-03
3.319999999999999926e-04	1.018590732261048515e-01	3.224939908781759845e-02
3.329999999999999627e-04	1.400851837166144642e-01	2.106329469522659481e-02
3.339999999999999870e-04	-1.538845827037610192e+00	2.419787374241588740e-03
3.350000000000000113e-04	-1.691750268999648643e+00	2.419787374241588740e-03
3.359999999999999814e-04	-1.720252193488186476e+00	-8.766317018349414902e-03
3.370000000000000057e-04	-1.747077534183280934e+00	-5.037615554152413688e-03
3.379999999999999758e-04	-1.747748167700658328e+00	2.419787374241588740e-03
3.390000000000000001e-04	-1.737353348181309265e+00	-8.766317018349414902e-03
3.399999999999999702e-04	-1.314854232233571452e+00	-1.308914089955412474e-03
3.409999999999999945e-04	-1.471111841782496654e+00	1.360589176683259238e-02
3.419999999999999646e-04	-9.275633759481451968e-01	6.148488838438589954e-03
3.429999999999999889e-04	-1.118693928400693149e+00	6.148488838438589954e-03
3.439999999999999590e-04	-1.436574215637562490e+00	9.877190302635591168e-03
3.449999999999999833e-04	-1.075773383288542107e+00	6.148488838438589954e-03
3.460000000000000076e-04	-1.059342862112796713e+00	1.360589176683259238e-02
3.469999999999999777e-04	-1.355427560034901724e+00	2.419787374241588740e-03
3.480000000000000020e-04	-1.145183952337099020e+00	9.877190302635591168e-03
3.489999999999999721e-04	-1.044588924730494695e+00	2.419787374241588740e-03
3.499999999999999964e-04	-1.281993189882080664e+00	-1.308914089955412474e-03
3.509999999999999665e-04	-3.055507885806422741e-01	6.148488838438589954e-03
3.519999999999999908e-04	9.280552074151046660e-02	3.597810055201459967e-02
3.529999999999999609e-04	1.347201155775955561e-01	3.597810055201459967e-02
3.539999999999999853e-04	-1.472788425575940030e+00	1.733459323102959360e-02
3.550000000000000096e-04	-1.665260245063242772e+00	-1.308914089955412474e-03
3.559999999999999797e-04	-1.702145088518997706e+00	-8.766317018349414902e-03
3.570000000000000040e-04	-1.720252193488186476e+00	-8.766317018349414902e-03
3.579999999999999741e-04	-1.708851423692771432e+00	-5.037615554152413688e-03
3.589999999999999984e-04	-1.693091536034403433e+00	-5.037615554152413688e-03
3.599999999999999685e-04	-1.586460806771402776e+00	-8.766317018349414902e-03
3.609999999999999928e-04	-1.263886084912891894e+00	9.877190302635591168e-03
3.619999999999999629e-04	-8.551349560713901177e-01	-1.308914089955412474e-03
3.629999999999999872e-04	-1.311501064646684700e+00	1.360589176683259238e-02
3.639999999999999573e-04	-1.291717375884052554e+00	6.148488838438589954e-03
3.649999999999999816e-04	-9.319224938110980405e-01	9.877190302635591168e-03
3.660000000000000059e-04	-1.195146149381712375e+00	6.148488838438589954e-03
3.669999999999999760e-04	-1.284675723951590243e+00	9.877190302635591168e-03
3.680000000000000003e-04	-1.009380665068183358e+00	1.360589176683259238e-02
3.689999999999999704e-04	-1.107963792122655500e+00	6.148488838438589954e-03
3.699999999999999947e-04	-1.268915836293222243e+00	2.419787374241588740e-03
3.709999999999999648e-04	-1.067055147562636419e+00	9.877190302635591168e-03
3.719999999999999891e-04	1.078947748825010988e-01	2.852069762362059724e-02
3.729999999999999592e-04	1.317022647493974463e-01	3.597810055201459967e-02
3.739999999999999835e-04	-1.252485315117476850e+00	2.479199615942359602e-02
3.750000000000000078e-04	-1.657212642854714479e+00	-1.308914089955412474e-03
3.759999999999999779e-04	-1.715893075625233744e+00	-8.766317018349414902e-03
3.770000000000000022e-04	-1.741041832526884825e+00	-1.622371994674341733e-02
3.779999999999999723e-04	-1.752107285563611283e+00	-8.766317018349414902e-03
3.789999999999999966e-04	-1.757472353702629997e+00	-1.308914089955412474e-03
3.799999999999999667e-04	-1.743724366596394182e+00	-5.037615554152413688e-03
3.809999999999999910e-04	-9.097915877376450133e-01	1.360589176683259238e-02
3.819999999999999611e-04	-1.231025042561401328e+00	-1.308914089955412474e-03
3.829999999999999854e-04	-1.457028537917572031e+00	6.148488838438589954e-03
3.840000000000000097e-04	-1.021452068380975797e+00	6.148488838438589954e-03
3.849999999999999798e-04	-1.138812933922014103e+00	-1.308914089955412474e-03
3.860000000000000041e-04	-1.427185346394279408e+00	1.733459323102959360e-02
3.869999999999999742e-04	-1.135124449576438543e+00	9.877190302635591168e-03
3.879999999999999985e-04	-1.088180103360023354e+00	6.148488838438589954e-03
3.889999999999999686e-04	-1.343020839963420698e+00	1.733459323102959360e-02
3.899999999999999929e-04	-1.063366663217060859e+00	6.148488838438589954e-03
3.909999999999999630e-04	4.617213206387422129e-03	3.224939908781759845e-02
3.919999999999999873e-04	4.686712480116120294e-02	2.479199615942359602e-02
3.929999999999999574e-04	-1.521744672344487403e+00	2.106329469522659481e-02
3.939999999999999817e-04	-1.749424751494101704e+00	-1.249501848254641612e-02
3.950000000000000061e-04	-1.791004029571498180e+00	-1.308914089955412474e-03
3.959999999999999762e-04	-1.813805569162328490e+00	-5.037615554152413688e-03
3.970000000000000005e-04	-1.820847221094790802e+00	-1.308914089955412474e-03
3.979999999999999706e-04	-1.830236090338073884e+00	-5.037615554152413688e-03
3.989999999999999949e-04	-1.833589257924960636e+00	-1.249501848254641612e-02
3.999999999999999650e-04	-1.099580873155438399e+00	-1.308914089955412474e-03
4.009999999999999893e-04	-1.160273206478089625e+00	2.419787374241588740e-03
4.019999999999999594e-04	-1.564665217456638668e+00	1.733459323102959360e-02
4.029999999999999837e-04	-1.178380311447278395e+00	6.148488838438589954e-03
4.040000000000000080e-04	-1.108299108881344086e+00	2.419787374241588740e-03
4.049999999999999781e-04	-1.480836027784468545e+00	2.419787374241588740e-03
4.060000000000000024e-04	-1.300770928368646828e+00	-1.308914089955412474e-03
4.069999999999999725e-04	-1.138812933922014103e+00	9.877190302635591168e-03
4.079999999999999968e-04	-1.404048490044760511e+00	6.148488838438589954e-03
4.089999999999999669e-04	-5.121059119328696951e-01	-1.308914089955412474e-03
4.099999999999999912e-04	-3.595611459494295337e-02	2.852069762362059724e-02
4.109999999999999613e-04	-3.430389002140916185e-03	3.224939908781759845e-02
4.119999999999999856e-04	-1.586125490012714190e+00	9.877190302635591168e-03
4.129999999999999557e-04	-1.813134935644951096e+00	-1.308914089955412474e-03
4.139999999999999800e-04	-1.862091182413498469e+00	-5.037615554152413688e-03
4.150000000000000043e-04	-1.870809418139404157e+00	-5.037615554152413688e-03
4.159999999999999744e-04	-1.876845119795800487e+00	2.419787374241588740e-03
4.169999999999999987e-04	-1.880868920900064634e+00	-8.766317018349414902e-03
4.179999999999999688e-04	-1.826547605992498324e+00	-1.622371994674341733e-02
4.189999999999999931e-04	-1.347044641067684845e+00	-1.308914089955412474e-03
4.199999999999999632e-04	-1.060348812388862694e+00	-1.308914089955412474e-03
4.209999999999999875e-04	-1.538510510278921606e+00	2.419787374241588740e-03
4.219999999999999576e-04	-1.408407607907713466e+00	1.360589176683259238e-02
4.229999999999999819e-04	-1.108299108881344086e+00	-1.308914089955412474e-03
4.240000000000000062e-04	-1.444286501087402197e+00	9.877190302635591168e-03
4.249999999999999763e-04	-1.470105891506430673e+00	6.148488838438589954e-03
4.260000000000000006e-04	-1.204199701866306871e+00	9.877190302635591168e-03
4.269999999999999707e-04	-1.381582267212619008e+00	-5.037615554152413688e-03
4.279999999999999950e-04	-3.799911090095294264e-01	6.148488838438589954e-03
4.289999999999999651e-04	-8.189451053529221702e-02	3.224939908781759845e-02
4.299999999999999894e-04	-7.049374073987707545e-02	3.224939908781759845e-02
4.309999999999999595e-04	-1.769879073774111244e+00	9.877190302635591168e-03
4.319999999999999838e-04	-1.913059329734178027e+00	-1.308914089955412474e-03
4.329999999999999539e-04	-1.933178335255498759e+00	-8.766317018349414902e-03
4.339999999999999782e-04	-1.963356843537480190e+00	-8.766317018349414902e-03
4.350000000000000026e-04	-1.977775464161093399e+00	2.419787374241588740e-03
4.359999999999999726e-04	-1.973081029539451858e+00	-8.766317018349414902e-03
4.369999999999999970e-04	-1.567012434767459439e+00	-1.249501848254641612e-02
4.379999999999999671e-04	-1.729305745972780972e+00	2.419787374241588740e-03
4.389999999999999914e-04	-1.196822733175155751e+00	6.148488838438589954e-03
4.399999999999999615e-04	-1.383594167764750971e+00	6.148488838438589954e-03
4.409999999999999858e-04	-1.672972530513082479e+00	2.419787374241588740e-03
4.419999999999999559e-04	-1.308147897059797726e+00	6.148488838438589954e-03
4.429999999999999802e-04	-1.304459412714222388e+00	2.419787374241588740e-03
4.440000000000000045e-04	-1.603226644705836978e+00	9.877190302635591168e-03
4.449999999999999746e-04	-1.400695322457873759e+00	2.419787374241588740e-03
4.459999999999999989e-04	-1.312507014922750681e+00	6.148488838438589954e-03
4.469999999999999690e-04	-1.549240646556959256e+00	6.148488838438589954e-03
4.479999999999999933e-04	-1.449316252467732546e+00	-1.308914089955412474e-03
4.489999999999999634e-04	-1.307812580301109140e+00	9.877190302635591168e-03
4.499999999999999877e-04	-2.431818714645476720e-01	2.106329469522659481e-02
4.509999999999999578e-04	-1.476165952382736402e-01	3.597810055201459967e-02
4.519999999999999821e-04	-1.331955386926694240e+00	2.852069762362059724e-02
4.530000000000000064e-04	-1.920100981666640338e+00	-8.766317018349414902e-03
4.539999999999999765e-04	-1.980793314989291565e+00	-1.249501848254641612e-02
4.550000000000000008e-04	-2.000241686993235124e+00	-1.622371994674341733e-02
4.559999999999999709e-04	-1.997223836165036737e+00	-1.622371994674341733e-02
4.569999999999999952e-04	-1.987164333404376482e+00	6.148488838438589954e-03
4.579999999999999653e-04	-1.993870668578149985e+00	-1.308914089955412474e-03
4.589999999999999896e-04	-1.160608523236778211e+00	-1.308914089955412474e-03
4.599999999999999597e-04	-1.451998786537241903e+00	6.148488838438589954e-03
4.609999999999999840e-04	-1.706839523140639248e+00	2.419787374241588740e-03
4.619999999999999541e-04	-1.250138097806656079e+00	2.419787374241588740e-03
4.629999999999999784e-04	-1.333631970720137616e+00	2.419787374241588740e-03
4.640000000000000027e-04	-1.608256396086167106e+00	9.877190302635591168e-03
4.649999999999999728e-04	-1.322901834442099744e+00	9.877190302635591168e-03
4.659999999999999971e-04	-1.304124095955533580e+00	9.877190302635591168e-03
4.669999999999999672e-04	-1.567012434767459439e+00	9.877190302635591168e-03
4.679999999999999915e-04	-1.424502812324770051e+00	9.877190302635591168e-03
4.689999999999999616e-04	-1.306135996507665764e+00	-1.308914089955412474e-03
4.699999999999999859e-04	-1.490560213786440213e+00	6.148488838438589954e-03
4.709999999999999560e-04	-1.454010687089373866e+00	6.148488838438589954e-03
4.719999999999999803e-04	-1.328266902581118680e+00	1.360589176683259238e-02
4.730000000000000046e-04	-2.049557609740380593e-01	2.106329469522659481e-02
4.739999999999999747e-04	-1.241444221300660039e-01	2.852069762362059724e-02
4.749999999999999990e-04	-1.509002635514317570e+00	2.106329469522659481e-02
4.759999999999999691e-04	-1.889922473384658907e+00	-8.766317018349414902e-03
4.769999999999999934e-04	-1.945585055326980006e+00	-1.249501848254641612e-02
4.779999999999999635e-04	-1.967380644641744336e+00	-8.766317018349414902e-03
4.789999999999999879e-04	-1.972410396022074464e+00	-8.766317018349414902e-03
4.799999999999999580e-04	-1.963021526778791381e+00	-1.249501848254641612e-02
4.809999999999999823e-04	-1.960003675950593216e+00	-1.308914089955412474e-03
4.819999999999999524e-04	-1.272939637397486390e+00	9.877190302635591168e-03
4.829999999999999767e-04	-1.270257103327976811e+00	-1.308914089955412474e-03
4.840000000000000010e-04	-1.708180790175394037e+00	1.360589176683259238e-02
4.849999999999999711e-04	-1.379570366660486824e+00	2.419787374241588740e-03
4.859999999999999954e-04	-1.246449613461080519e+00	9.877190302635591168e-03
4.869999999999999655e-04	-1.614962731259940831e+00	6.148488838438589954e-03
4.879999999999999898e-04	-1.467758674195609903e+00	9.877190302635591168e-03
4.889999999999999599e-04	-1.269921786569288225e+00	1.733459323102959360e-02
4.899999999999999842e-04	-1.521409355585798817e+00	6.148488838438589954e-03
4.910000000000000085e-04	-1.509002635514317570e+00	1.733459323102959360e-02
4.919999999999999244e-04	-1.314183598716194057e+00	9.877190302635591168e-03
4.929999999999999487e-04	-1.478153493714958966e+00	2.419787374241588740e-03
4.939999999999999730e-04	-1.514703020412025092e+00	2.419787374241588740e-03
4.949999999999999973e-04	-1.357104143828345322e+00	2.419787374241588740e-03
4.960000000000000216e-04	-1.443280550811336216e+00	1.360589176683259238e-02
4.969999999999999375e-04	-1.529121641035638524e+00	2.419787374241588740e-03
4.979999999999999618e-04	-1.423832178807392657e+00	6.148488838438589954e-03
4.989999999999999861e-04	-1.422826228531326676e+00	6.148488838438589954e-03
